index,Ag,Au,Pd,Pt,Rh,Composition,Similarity_to_Resistance
0,26.07,21.51,7.66,5.34,39.42,Ag26.07Au21.51Pd7.66Pt5.34Rh39.42,0.43640536
1,23.56,23.64,8.31,5.21,39.28,Ag23.56Au23.64Pd8.31Pt5.21Rh39.28,0.43674016
2,23.48,25.81,8.24,5.03,37.44,Ag23.48Au25.81Pd8.24Pt5.03Rh37.44,0.43398952
3,21.47,27.96,9.86,5.09,35.62,Ag21.47Au27.96Pd9.86Pt5.09Rh35.62,0.4321679
4,19.78,31.12,10.91,4.76,33.43,Ag19.78Au31.12Pd10.91Pt4.76Rh33.43,0.42898214
5,18.19,34.05,11.55,4.64,31.57,Ag18.19Au34.05Pd11.55Pt4.64Rh31.57,0.4264509
6,16.74,37.14,12.6,4.06,29.46,Ag16.74Au37.14Pd12.60Pt4.06Rh29.46,0.42272997
7,15.63,38.8,13.31,4.19,28.07,Ag15.63Au38.80Pd13.31Pt4.19Rh28.07,0.42108822
8,13.92,42.11,14.28,3.15,26.53,Ag13.92Au42.11Pd14.28Pt3.15Rh26.53,0.41735423
9,12.99,44.72,15.13,3.4,23.76,Ag12.99Au44.72Pd15.13Pt3.40Rh23.76,0.41369522
10,11.56,46.76,16.3,2.94,22.43,Ag11.56Au46.76Pd16.30Pt2.94Rh22.43,0.41111255
11,28.8,19.23,7.23,5.98,38.76,Ag28.80Au19.23Pd7.23Pt5.98Rh38.76,0.43568665
12,27.13,20.76,7.69,6.02,38.4,Ag27.13Au20.76Pd7.69Pt6.02Rh38.40,0.43581396
13,25.45,22.98,9.19,5.55,36.82,Ag25.45Au22.98Pd9.19Pt5.55Rh36.82,0.4335212
14,23.7,25.89,9.39,5.34,35.68,Ag23.70Au25.89Pd9.39Pt5.34Rh35.68,0.43209368
15,23.08,28.45,10.25,5.42,32.81,Ag23.08Au28.45Pd10.25Pt5.42Rh32.81,0.42840293
16,20.86,31.4,10.63,5.34,31.77,Ag20.86Au31.40Pd10.63Pt5.34Rh31.77,0.42729917
17,19.45,33.66,12.09,4.95,29.85,Ag19.45Au33.66Pd12.09Pt4.95Rh29.85,0.42426693
18,17.33,36.73,13.9,4.22,27.82,Ag17.33Au36.73Pd13.90Pt4.22Rh27.82,0.4205807
19,15.72,38.3,15.01,4.86,26.1,Ag15.72Au38.30Pd15.01Pt4.86Rh26.10,0.41935417
20,14.48,41.99,15.63,3.61,24.29,Ag14.48Au41.99Pd15.63Pt3.61Rh24.29,0.41476548
21,13.84,44.96,15.95,3.49,21.76,Ag13.84Au44.96Pd15.95Pt3.49Rh21.76,0.41075838
22,12.4,47.74,16.45,3.6,19.81,Ag12.40Au47.74Pd16.45Pt3.60Rh19.81,0.4080537
23,11.51,48.46,17.28,2.94,19.81,Ag11.51Au48.46Pd17.28Pt2.94Rh19.81,0.40712017
24,31.3,16.53,7.16,6.54,38.47,Ag31.30Au16.53Pd7.16Pt6.54Rh38.47,0.43533722
25,30.3,18.4,7.72,6.29,37.29,Ag30.30Au18.40Pd7.72Pt6.29Rh37.29,0.4337592
26,28.76,20.62,8.65,6.15,35.82,Ag28.76Au20.62Pd8.65Pt6.15Rh35.82,0.43210673
27,26.49,22.58,8.63,6.18,36.12,Ag26.49Au22.58Pd8.63Pt6.18Rh36.12,0.4332345
28,24.61,25.36,10.82,6.12,33.1,Ag24.61Au25.36Pd10.82Pt6.12Rh33.10,0.42958516
29,23.07,28.22,11.34,5.79,31.58,Ag23.07Au28.22Pd11.34Pt5.79Rh31.58,0.4273199
30,20.93,30.49,12.71,6.09,29.77,Ag20.93Au30.49Pd12.71Pt6.09Rh29.77,0.42573822
31,19.77,33.88,12.37,5.35,28.62,Ag19.77Au33.88Pd12.37Pt5.35Rh28.62,0.42306957
32,18.24,36.74,13.92,5.16,25.93,Ag18.24Au36.74Pd13.92Pt5.16Rh25.93,0.41913423
33,17.56,38.51,14.68,4.88,24.37,Ag17.56Au38.51Pd14.68Pt4.88Rh24.37,0.41648275
34,14.82,42.0,16.3,4.4,22.49,Ag14.82Au42.00Pd16.30Pt4.40Rh22.49,0.41330576
35,13.75,43.59,17.52,3.98,21.16,Ag13.75Au43.59Pd17.52Pt3.98Rh21.16,0.41078517
36,12.66,46.35,18.72,3.73,18.54,Ag12.66Au46.35Pd18.72Pt3.73Rh18.54,0.40648502
37,11.62,48.03,19.74,3.12,17.49,Ag11.62Au48.03Pd19.74Pt3.12Rh17.49,0.40400332
38,10.92,50.64,20.22,2.72,15.5,Ag10.92Au50.64Pd20.22Pt2.72Rh15.50,0.40028328
39,34.96,14.8,6.23,7.35,36.64,Ag34.96Au14.80Pd6.23Pt7.35Rh36.64,0.4328093
40,32.61,16.52,7.01,7.15,36.71,Ag32.61Au16.52Pd7.01Pt7.15Rh36.71,0.43348795
41,31.69,18.2,7.39,7.46,35.26,Ag31.69Au18.20Pd7.39Pt7.46Rh35.26,0.43235946
42,29.74,20.07,9.0,6.92,34.27,Ag29.74Au20.07Pd9.00Pt6.92Rh34.27,0.43090153
43,27.51,22.62,10.3,6.9,32.68,Ag27.51Au22.62Pd10.30Pt6.90Rh32.68,0.42940265
44,25.83,24.71,11.83,6.87,30.76,Ag25.83Au24.71Pd11.83Pt6.87Rh30.76,0.4271904
45,24.23,27.57,12.02,6.49,29.69,Ag24.23Au27.57Pd12.02Pt6.49Rh29.69,0.4254771
46,22.26,29.78,13.42,6.34,28.2,Ag22.26Au29.78Pd13.42Pt6.34Rh28.20,0.42360184
47,20.61,32.75,13.56,6.22,26.85,Ag20.61Au32.75Pd13.56Pt6.22Rh26.85,0.42176723
48,18.17,35.51,15.36,5.93,25.03,Ag18.17Au35.51Pd15.36Pt5.93Rh25.03,0.41912243
49,16.9,38.34,16.22,5.45,23.09,Ag16.90Au38.34Pd16.22Pt5.45Rh23.09,0.41566032
50,15.49,41.03,16.89,4.79,21.79,Ag15.49Au41.03Pd16.89Pt4.79Rh21.79,0.4128394
51,14.19,42.97,18.96,4.58,19.31,Ag14.19Au42.97Pd18.96Pt4.58Rh19.31,0.40894723
52,12.85,44.91,19.67,4.54,18.02,Ag12.85Au44.91Pd19.67Pt4.54Rh18.02,0.4070452
53,12.59,47.57,20.26,3.91,15.67,Ag12.59Au47.57Pd20.26Pt3.91Rh15.67,0.4023913
54,10.53,48.46,22.04,3.57,15.4,Ag10.53Au48.46Pd22.04Pt3.57Rh15.40,0.40168136
55,9.44,51.3,22.74,2.86,13.66,Ag9.44Au51.30Pd22.74Pt2.86Rh13.66,0.3978717
56,37.49,12.94,6.42,7.35,35.79,Ag37.49Au12.94Pd6.42Pt7.35Rh35.79,0.43070346
57,35.22,14.02,7.85,7.99,34.93,Ag35.22Au14.02Pd7.85Pt7.99Rh34.93,0.43146494
58,34.12,16.33,8.37,7.87,33.3,Ag34.12Au16.33Pd8.37Pt7.87Rh33.30,0.4295249
59,32.39,18.03,8.97,7.73,32.88,Ag32.39Au18.03Pd8.97Pt7.73Rh32.88,0.429366
60,30.31,20.35,9.2,7.35,32.79,Ag30.31Au20.35Pd9.20Pt7.35Rh32.79,0.42935565
61,28.24,22.97,9.52,8.22,31.05,Ag28.24Au22.97Pd9.52Pt8.22Rh31.05,0.42890087
62,27.48,24.69,11.66,7.15,29.02,Ag27.48Au24.69Pd11.66Pt7.15Rh29.02,0.4246874
63,23.86,27.4,12.86,7.3,28.58,Ag23.86Au27.40Pd12.86Pt7.30Rh28.58,0.42526716
64,22.78,29.46,13.38,7.6,26.78,Ag22.78Au29.46Pd13.38Pt7.60Rh26.78,0.4233702
65,20.86,32.16,15.02,6.64,25.32,Ag20.86Au32.16Pd15.02Pt6.64Rh25.32,0.42018795
66,19.81,34.82,16.18,5.96,23.22,Ag19.81Au34.82Pd16.18Pt5.96Rh23.22,0.41622198
67,17.44,36.94,17.55,6.37,21.7,Ag17.44Au36.94Pd17.55Pt6.37Rh21.70,0.4150041
68,15.9,40.16,18.02,5.57,20.35,Ag15.90Au40.16Pd18.02Pt5.57Rh20.35,0.411894
69,14.85,42.21,19.11,5.7,18.14,Ag14.85Au42.21Pd19.11Pt5.70Rh18.14,0.4088521
70,14.18,44.06,20.06,5.0,16.69,Ag14.18Au44.06Pd20.06Pt5.00Rh16.69,0.40560722
71,13.14,45.68,21.88,4.73,14.57,Ag13.14Au45.68Pd21.88Pt4.73Rh14.57,0.40204805
72,10.03,48.3,22.71,4.04,14.92,Ag10.03Au48.30Pd22.71Pt4.04Rh14.92,0.40174893
73,10.02,50.09,23.89,3.46,12.54,Ag10.02Au50.09Pd23.89Pt3.46Rh12.54,0.39712274
74,8.71,52.25,25.25,2.38,11.41,Ag8.71Au52.25Pd25.25Pt2.38Rh11.41,0.3937251
75,38.8,12.88,6.78,8.03,33.51,Ag38.80Au12.88Pd6.78Pt8.03Rh33.51,0.42818284
76,36.07,14.09,7.23,8.81,33.8,Ag36.07Au14.09Pd7.23Pt8.81Rh33.80,0.43084112
77,35.26,16.16,8.36,8.54,31.67,Ag35.26Au16.16Pd8.36Pt8.54Rh31.67,0.42789358
78,33.92,17.15,8.99,8.65,31.29,Ag33.92Au17.15Pd8.99Pt8.65Rh31.29,0.42803913
79,31.29,19.77,11.02,8.44,29.48,Ag31.29Au19.77Pd11.02Pt8.44Rh29.48,0.4261566
80,29.1,21.91,10.53,8.5,29.98,Ag29.10Au21.91Pd10.53Pt8.50Rh29.98,0.42760333
81,28.22,24.33,11.39,8.34,27.72,Ag28.22Au24.33Pd11.39Pt8.34Rh27.72,0.42442632
82,25.52,27.27,12.97,7.79,26.45,Ag25.52Au27.27Pd12.97Pt7.79Rh26.45,0.42252165
83,23.69,28.19,15.0,8.29,24.83,Ag23.69Au28.19Pd15.00Pt8.29Rh24.83,0.42142522
84,21.83,31.75,15.44,7.48,23.51,Ag21.83Au31.75Pd15.44Pt7.48Rh23.51,0.41861564
85,20.34,34.62,16.62,7.04,21.38,Ag20.34Au34.62Pd16.62Pt7.04Rh21.38,0.4150504
86,18.21,36.59,17.85,6.71,20.63,Ag18.21Au36.59Pd17.85Pt6.71Rh20.63,0.41380525
87,16.56,39.02,19.35,6.43,18.65,Ag16.56Au39.02Pd19.35Pt6.43Rh18.65,0.41061473
88,14.06,41.77,20.66,6.35,17.16,Ag14.06Au41.77Pd20.66Pt6.35Rh17.16,0.40852562
89,14.05,42.69,22.35,5.4,15.5,Ag14.05Au42.69Pd22.35Pt5.40Rh15.50,0.4045242
90,12.84,45.07,23.1,4.93,14.06,Ag12.84Au45.07Pd23.10Pt4.93Rh14.06,0.40165716
91,11.08,46.3,24.64,4.11,13.86,Ag11.08Au46.30Pd24.64Pt4.11Rh13.86,0.4002446
92,10.53,48.7,25.14,3.94,11.7,Ag10.53Au48.70Pd25.14Pt3.94Rh11.70,0.39660716
93,8.45,50.12,26.7,3.41,11.32,Ag8.45Au50.12Pd26.70Pt3.41Rh11.32,0.3953247
94,41.41,11.2,6.27,8.46,32.65,Ag41.41Au11.20Pd6.27Pt8.46Rh32.65,0.42656964
95,38.93,12.65,7.16,9.06,32.2,Ag38.93Au12.65Pd7.16Pt9.06Rh32.20,0.4279234
96,37.7,13.65,7.38,9.6,31.67,Ag37.70Au13.65Pd7.38Pt9.60Rh31.67,0.4285054
97,36.3,15.09,9.58,9.27,29.76,Ag36.30Au15.09Pd9.58Pt9.27Rh29.76,0.4260065
98,33.75,17.44,9.98,9.52,29.31,Ag33.75Au17.44Pd9.98Pt9.52Rh29.31,0.426683
99,32.69,19.26,10.55,9.45,28.06,Ag32.69Au19.26Pd10.55Pt9.45Rh28.06,0.42518967
100,30.5,20.68,12.12,9.42,27.28,Ag30.50Au20.68Pd12.12Pt9.42Rh27.28,0.42479038
101,28.42,24.07,12.04,9.58,25.89,Ag28.42Au24.07Pd12.04Pt9.58Rh25.89,0.42362517
102,26.38,26.36,13.35,9.34,24.57,Ag26.38Au26.36Pd13.35Pt9.34Rh24.57,0.42192474
103,23.86,29.0,15.19,8.54,23.4,Ag23.86Au29.00Pd15.19Pt8.54Rh23.40,0.4196531
104,21.2,31.22,17.2,8.28,22.11,Ag21.20Au31.22Pd17.20Pt8.28Rh22.11,0.41794008
105,20.22,33.08,18.07,8.01,20.63,Ag20.22Au33.08Pd18.07Pt8.01Rh20.63,0.41549486
106,18.82,36.19,19.33,7.42,18.23,Ag18.82Au36.19Pd19.33Pt7.42Rh18.23,0.411195
107,16.82,37.92,20.49,6.99,17.78,Ag16.82Au37.92Pd20.49Pt6.99Rh17.78,0.4101644
108,15.2,40.57,22.12,6.41,15.69,Ag15.20Au40.57Pd22.12Pt6.41Rh15.69,0.40627587
109,13.78,42.34,23.86,5.84,14.19,Ag13.78Au42.34Pd23.86Pt5.84Rh14.19,0.40324298
110,11.79,43.89,24.58,5.29,14.44,Ag11.79Au43.89Pd24.58Pt5.29Rh14.44,0.40297145
111,10.81,46.56,25.61,5.28,11.73,Ag10.81Au46.56Pd25.61Pt5.28Rh11.73,0.398782
112,9.98,47.28,26.69,4.78,11.27,Ag9.98Au47.28Pd26.69Pt4.78Rh11.27,0.39735234
113,8.58,49.06,27.69,4.51,10.17,Ag8.58Au49.06Pd27.69Pt4.51Rh10.17,0.39527395
114,7.35,50.66,28.57,4.2,9.22,Ag7.35Au50.66Pd28.57Pt4.20Rh9.22,0.39334208
115,42.88,11.14,6.91,9.7,29.38,Ag42.88Au11.14Pd6.91Pt9.70Rh29.38,0.42337632
116,40.95,11.87,7.64,9.9,29.63,Ag40.95Au11.87Pd7.64Pt9.90Rh29.63,0.42486262
117,39.02,13.38,7.99,10.16,29.45,Ag39.02Au13.38Pd7.99Pt10.16Rh29.45,0.42579043
118,37.07,15.25,9.63,10.0,28.04,Ag37.07Au15.25Pd9.63Pt10.00Rh28.04,0.42441103
119,34.43,16.9,9.8,10.58,28.28,Ag34.43Au16.90Pd9.80Pt10.58Rh28.28,0.42656773
120,32.63,18.9,10.52,10.32,27.63,Ag32.63Au18.90Pd10.52Pt10.32Rh27.63,0.4258977
121,30.27,20.65,13.49,10.25,25.34,Ag30.27Au20.65Pd13.49Pt10.25Rh25.34,0.42334056
122,28.19,22.91,13.35,10.37,25.18,Ag28.19Au22.91Pd13.35Pt10.37Rh25.18,0.42388767
123,26.17,25.82,14.57,10.02,23.42,Ag26.17Au25.82Pd14.57Pt10.02Rh23.42,0.42134812
124,25.37,27.22,15.97,9.33,22.1,Ag25.37Au27.22Pd15.97Pt9.33Rh22.10,0.41859
125,21.97,29.85,18.49,9.31,20.38,Ag21.97Au29.85Pd18.49Pt9.31Rh20.38,0.41678005
126,20.65,32.47,19.21,8.97,18.71,Ag20.65Au32.47Pd19.21Pt8.97Rh18.71,0.41398904
127,19.14,35.67,19.76,8.19,17.24,Ag19.14Au35.67Pd19.76Pt8.19Rh17.24,0.4108138
128,16.9,36.21,22.35,7.73,16.8,Ag16.90Au36.21Pd22.35Pt7.73Rh16.80,0.40983772
129,15.19,39.02,22.66,7.88,15.25,Ag15.19Au39.02Pd22.66Pt7.88Rh15.25,0.40787727
130,13.44,41.51,24.8,6.67,13.6,Ag13.44Au41.51Pd24.80Pt6.67Rh13.60,0.40366358
131,12.5,42.13,26.23,6.67,12.48,Ag12.50Au42.13Pd26.23Pt6.67Rh12.48,0.402021
132,11.05,45.58,26.06,5.66,11.65,Ag11.05Au45.58Pd26.06Pt5.66Rh11.65,0.39924967
133,10.82,45.61,27.36,5.41,10.8,Ag10.82Au45.61Pd27.36Pt5.41Rh10.80,0.39756945
134,9.55,47.99,28.73,4.62,9.1,Ag9.55Au47.99Pd28.73Pt4.62Rh9.10,0.39375088
135,8.21,49.86,29.92,4.06,7.95,Ag8.21Au49.86Pd29.92Pt4.06Rh7.95,0.39112845
136,43.3,10.21,7.59,10.69,28.21,Ag43.30Au10.21Pd7.59Pt10.69Rh28.21,0.42307025
137,41.64,11.89,7.65,10.92,27.9,Ag41.64Au11.89Pd7.65Pt10.92Rh27.90,0.42368177
138,39.27,12.82,9.45,11.17,27.28,Ag39.27Au12.82Pd9.45Pt11.17Rh27.28,0.42420864
139,38.11,14.5,9.67,11.38,26.34,Ag38.11Au14.50Pd9.67Pt11.38Rh26.34,0.42364722
140,35.84,16.15,11.05,11.37,25.59,Ag35.84Au16.15Pd11.05Pt11.37Rh25.59,0.4234473
141,33.43,18.31,12.04,11.17,25.05,Ag33.43Au18.31Pd12.04Pt11.17Rh25.05,0.4232395
142,31.55,20.55,13.0,11.19,23.7,Ag31.55Au20.55Pd13.00Pt11.19Rh23.70,0.42194492
143,29.12,21.93,14.51,11.13,23.32,Ag29.12Au21.93Pd14.51Pt11.13Rh23.32,0.42205098
144,27.13,24.55,15.31,10.71,22.3,Ag27.13Au24.55Pd15.31Pt10.71Rh22.30,0.4204903
145,25.26,27.64,16.94,10.34,19.83,Ag25.26Au27.64Pd16.94Pt10.34Rh19.83,0.41673887
146,22.51,29.38,18.21,10.39,19.51,Ag22.51Au29.38Pd18.21Pt10.39Rh19.51,0.41696557
147,20.94,31.47,19.97,9.94,17.69,Ag20.94Au31.47Pd19.97Pt9.94Rh17.69,0.41385272
148,18.87,34.46,20.87,9.04,16.77,Ag18.87Au34.46Pd20.87Pt9.04Rh16.77,0.41145524
149,17.85,35.91,21.79,8.89,15.55,Ag17.85Au35.91Pd21.79Pt8.89Rh15.55,0.40952098
150,15.36,38.01,24.09,8.08,14.46,Ag15.36Au38.01Pd24.09Pt8.08Rh14.46,0.40696186
151,14.66,40.02,25.11,7.33,12.88,Ag14.66Au40.02Pd25.11Pt7.33Rh12.88,0.40344203
152,13.25,41.2,27.24,7.07,11.24,Ag13.25Au41.20Pd27.24Pt7.07Rh11.24,0.4006378
153,12.16,43.93,27.53,6.49,9.9,Ag12.16Au43.93Pd27.53Pt6.49Rh9.90,0.39772922
154,10.26,45.81,29.39,5.66,8.88,Ag10.26Au45.81Pd29.39Pt5.66Rh8.88,0.39499325
155,9.58,45.86,30.22,5.13,9.21,Ag9.58Au45.86Pd30.22Pt5.13Rh9.21,0.3947391
156,9.55,47.48,30.34,4.77,7.86,Ag9.55Au47.48Pd30.34Pt4.77Rh7.86,0.39205307
157,44.41,10.19,6.8,11.75,26.85,Ag44.41Au10.19Pd6.80Pt11.75Rh26.85,0.4222148
158,42.46,11.43,6.96,12.09,27.06,Ag42.46Au11.43Pd6.96Pt12.09Rh27.06,0.42383435
159,40.18,12.66,8.74,12.55,25.88,Ag40.18Au12.66Pd8.74Pt12.55Rh25.88,0.42384458
160,38.14,14.19,10.16,12.36,25.15,Ag38.14Au14.19Pd10.16Pt12.36Rh25.15,0.42338204
161,35.06,15.79,11.61,12.89,24.65,Ag35.06Au15.79Pd11.61Pt12.89Rh24.65,0.4245883
162,33.85,17.9,12.29,12.61,23.35,Ag33.85Au17.90Pd12.29Pt12.61Rh23.35,0.42274016
163,31.45,19.6,14.06,12.2,22.69,Ag31.45Au19.60Pd14.06Pt12.20Rh22.69,0.42199263
164,29.78,22.34,14.99,12.27,20.63,Ag29.78Au22.34Pd14.99Pt12.27Rh20.63,0.41956404
165,27.46,24.25,16.24,11.97,20.08,Ag27.46Au24.25Pd16.24Pt11.97Rh20.08,0.41896605
166,25.4,26.82,17.59,11.7,18.5,Ag25.40Au26.82Pd17.59Pt11.70Rh18.50,0.41671917
167,22.84,28.41,19.85,11.59,17.32,Ag22.84Au28.41Pd19.85Pt11.59Rh17.32,0.4153575
168,21.38,30.58,20.63,10.54,16.87,Ag21.38Au30.58Pd20.63Pt10.54Rh16.87,0.4134211
169,19.16,32.17,22.28,10.22,16.16,Ag19.16Au32.17Pd22.28Pt10.22Rh16.16,0.41226453
170,17.04,35.8,23.64,9.82,13.7,Ag17.04Au35.80Pd23.64Pt9.82Rh13.70,0.40818197
171,16.15,36.62,25.07,9.08,13.08,Ag16.15Au36.62Pd25.07Pt9.08Rh13.08,0.40623373
172,13.55,38.45,26.83,8.87,12.29,Ag13.55Au38.45Pd26.83Pt8.87Rh12.29,0.40498322
173,13.39,38.68,28.65,7.76,11.52,Ag13.39Au38.68Pd28.65Pt7.76Rh11.52,0.40210545
174,11.74,41.91,28.8,7.39,10.15,Ag11.74Au41.91Pd28.80Pt7.39Rh10.15,0.39954567
175,11.38,42.54,30.78,6.29,9.01,Ag11.38Au42.54Pd30.78Pt6.29Rh9.01,0.39609596
176,9.64,43.92,31.41,6.24,8.79,Ag9.64Au43.92Pd31.41Pt6.24Rh8.79,0.39577702
177,8.2,46.13,32.52,5.21,7.93,Ag8.20Au46.13Pd32.52Pt5.21Rh7.93,0.3929061
178,45.38,10.14,6.71,12.46,25.31,Ag45.38Au10.14Pd6.71Pt12.46Rh25.31,0.42066598
179,43.58,11.03,8.14,13.23,24.02,Ag43.58Au11.03Pd8.14Pt13.23Rh24.02,0.42078352
180,40.31,12.27,10.45,13.66,23.32,Ag40.31Au12.27Pd10.45Pt13.66Rh23.32,0.4217965
181,38.3,13.94,10.88,13.11,23.77,Ag38.30Au13.94Pd10.88Pt13.11Rh23.77,0.42244723
182,36.61,15.13,12.52,13.41,22.34,Ag36.61Au15.13Pd12.52Pt13.41Rh22.34,0.4214684
183,34.34,16.85,13.4,13.86,21.54,Ag34.34Au16.85Pd13.40Pt13.86Rh21.54,0.42175296
184,31.52,18.93,15.18,13.64,20.73,Ag31.52Au18.93Pd15.18Pt13.64Rh20.73,0.42117321
185,29.69,20.75,15.3,13.79,20.48,Ag29.69Au20.75Pd15.30Pt13.79Rh20.48,0.42155942
186,27.58,23.15,16.95,13.25,19.08,Ag27.58Au23.15Pd16.95Pt13.25Rh19.08,0.419294
187,25.13,24.74,19.3,13.31,17.52,Ag25.13Au24.74Pd19.30Pt13.31Rh17.52,0.4176492
188,23.27,27.64,20.82,12.33,15.94,Ag23.27Au27.64Pd20.82Pt12.33Rh15.94,0.414245
189,20.72,30.04,21.98,12.15,15.1,Ag20.72Au30.04Pd21.98Pt12.15Rh15.10,0.41319838
190,19.44,31.53,23.35,11.67,14.01,Ag19.44Au31.53Pd23.35Pt11.67Rh14.01,0.41103137
191,18.21,33.06,24.8,10.82,13.11,Ag18.21Au33.06Pd24.80Pt10.82Rh13.11,0.40857795
192,15.99,35.66,26.52,9.73,12.1,Ag15.99Au35.66Pd26.52Pt9.73Rh12.10,0.4056911
193,14.23,36.81,27.85,9.77,11.34,Ag14.23Au36.81Pd27.85Pt9.77Rh11.34,0.40475523
194,13.39,38.55,29.63,8.27,10.16,Ag13.39Au38.55Pd29.63Pt8.27Rh10.16,0.4007326
195,11.71,40.53,30.83,7.38,9.55,Ag11.71Au40.53Pd30.83Pt7.38Rh9.55,0.39856714
196,11.5,41.48,31.23,7.3,8.49,Ag11.50Au41.48Pd31.23Pt7.30Rh8.49,0.39679515
197,9.69,43.68,32.47,6.63,7.53,Ag9.69Au43.68Pd32.47Pt6.63Rh7.53,0.39437157
198,9.32,44.65,33.46,5.82,6.75,Ag9.32Au44.65Pd33.46Pt5.82Rh6.75,0.3919198
199,45.4,9.9,7.52,13.61,23.57,Ag45.40Au9.90Pd7.52Pt13.61Rh23.57,0.41988555
200,43.4,10.18,9.43,14.23,22.76,Ag43.40Au10.18Pd9.43Pt14.23Rh22.76,0.42052636
201,41.39,12.12,10.11,14.43,21.95,Ag41.39Au12.12Pd10.11Pt14.43Rh21.95,0.42049086
202,39.17,13.35,11.36,14.36,21.77,Ag39.17Au13.35Pd11.36Pt14.36Rh21.77,0.42102227
203,37.1,14.55,11.83,15.34,21.18,Ag37.10Au14.55Pd11.83Pt15.34Rh21.18,0.42231596
204,34.41,16.48,13.54,15.08,20.49,Ag34.41Au16.48Pd13.54Pt15.08Rh20.49,0.42190832
205,32.59,18.21,14.55,15.06,19.59,Ag32.59Au18.21Pd14.55Pt15.06Rh19.59,0.42115724
206,31.02,20.11,17.02,14.43,17.42,Ag31.02Au20.11Pd17.02Pt14.43Rh17.42,0.41753468
207,27.49,22.28,17.96,14.55,17.73,Ag27.49Au22.28Pd17.96Pt14.55Rh17.73,0.41914296
208,25.65,24.12,20.3,13.77,16.16,Ag25.65Au24.12Pd20.30Pt13.77Rh16.16,0.41611403
209,23.52,26.85,21.55,13.53,14.56,Ag23.52Au26.85Pd21.55Pt13.53Rh14.56,0.4137983
210,21.3,27.75,23.75,12.91,14.29,Ag21.30Au27.75Pd23.75Pt12.91Rh14.29,0.41291392
211,19.8,30.45,23.82,12.54,13.38,Ag19.80Au30.45Pd23.82Pt12.54Rh13.38,0.41125807
212,17.76,32.2,25.77,11.43,12.84,Ag17.76Au32.20Pd25.77Pt11.43Rh12.84,0.40910572
213,16.26,35.2,26.61,10.87,11.06,Ag16.26Au35.20Pd26.61Pt10.87Rh11.06,0.40571487
214,14.09,36.41,28.88,10.28,10.33,Ag14.09Au36.41Pd28.88Pt10.28Rh10.33,0.4039266
215,13.77,36.59,30.48,10.01,9.17,Ag13.77Au36.59Pd30.48Pt10.01Rh9.17,0.40169728
216,12.57,38.85,31.3,8.76,8.51,Ag12.57Au38.85Pd31.30Pt8.76Rh8.51,0.3989214
217,10.91,40.63,32.54,8.02,7.9,Ag10.91Au40.63Pd32.54Pt8.02Rh7.90,0.3969605
218,9.96,41.31,33.9,7.55,7.28,Ag9.96Au41.31Pd33.90Pt7.55Rh7.28,0.3953066
219,9.23,42.5,35.31,6.36,6.59,Ag9.23Au42.50Pd35.31Pt6.36Rh6.59,0.39243615
220,45.76,9.73,8.11,14.4,22.0,Ag45.76Au9.73Pd8.11Pt14.40Rh22.00,0.41864514
221,44.09,10.72,9.09,15.45,20.65,Ag44.09Au10.72Pd9.09Pt15.45Rh20.65,0.41891962
222,41.74,11.65,10.36,15.67,20.58,Ag41.74Au11.65Pd10.36Pt15.67Rh20.58,0.42011333
223,39.23,13.26,12.54,15.32,19.65,Ag39.23Au13.26Pd12.54Pt15.32Rh19.65,0.41929525
224,37.47,14.23,12.29,16.11,19.9,Ag37.47Au14.23Pd12.29Pt16.11Rh19.90,0.4213929
225,34.85,15.99,14.44,16.18,18.54,Ag34.85Au15.99Pd14.44Pt16.18Rh18.54,0.42042732
226,33.35,17.91,15.28,16.25,17.21,Ag33.35Au17.91Pd15.28Pt16.25Rh17.21,0.4190441
227,30.08,18.98,17.52,15.98,17.44,Ag30.08Au18.98Pd17.52Pt15.98Rh17.44,0.41999856
228,28.32,21.46,18.41,15.4,16.41,Ag28.32Au21.46Pd18.41Pt15.40Rh16.41,0.41812944
229,26.68,22.52,20.66,14.91,15.23,Ag26.68Au22.52Pd20.66Pt14.91Rh15.23,0.41605464
230,24.16,25.14,22.35,14.47,13.88,Ag24.16Au25.14Pd22.35Pt14.47Rh13.88,0.4139418
231,21.76,26.87,24.19,14.16,13.03,Ag21.76Au26.87Pd24.19Pt14.16Rh13.03,0.41265315
232,19.03,29.65,25.81,13.13,12.38,Ag19.03Au29.65Pd25.81Pt13.13Rh12.38,0.41064203
233,17.25,31.26,27.17,12.34,11.98,Ag17.25Au31.26Pd27.17Pt12.34Rh11.98,0.40912798
234,16.9,32.84,28.26,12.06,9.95,Ag16.90Au32.84Pd28.26Pt12.06Rh9.95,0.40558556
235,14.49,34.46,29.9,11.32,9.83,Ag14.49Au34.46Pd29.90Pt11.32Rh9.83,0.40458164
236,14.06,35.73,30.86,10.45,8.91,Ag14.06Au35.73Pd30.86Pt10.45Rh8.91,0.40189204
237,12.62,36.99,32.47,10.14,7.79,Ag12.62Au36.99Pd32.47Pt10.14Rh7.79,0.39977115
238,11.24,38.55,33.89,8.73,7.59,Ag11.24Au38.55Pd33.89Pt8.73Rh7.59,0.3974483
239,9.77,40.68,35.46,7.87,6.22,Ag9.77Au40.68Pd35.46Pt7.87Rh6.22,0.3940701
240,8.64,41.07,36.62,7.31,6.36,Ag8.64Au41.07Pd36.62Pt7.31Rh6.36,0.39346156
241,44.81,10.07,8.85,16.5,19.77,Ag44.81Au10.07Pd8.85Pt16.50Rh19.77,0.41879028
242,43.28,11.29,10.37,16.63,18.43,Ag43.28Au11.29Pd10.37Pt16.63Rh18.43,0.41771048
243,40.19,12.29,11.75,17.21,18.56,Ag40.19Au12.29Pd11.75Pt17.21Rh18.56,0.41992566
244,37.44,14.11,13.54,17.14,17.77,Ag37.44Au14.11Pd13.54Pt17.14Rh17.77,0.41970798
245,35.0,15.4,14.79,17.05,17.76,Ag35.00Au15.40Pd14.79Pt17.05Rh17.76,0.42041853
246,32.56,17.49,16.3,17.26,16.38,Ag32.56Au17.49Pd16.30Pt17.26Rh16.38,0.419442
247,30.87,18.4,18.69,16.62,15.42,Ag30.87Au18.40Pd18.69Pt16.62Rh15.42,0.41760838
248,28.27,20.31,19.69,16.59,15.13,Ag28.27Au20.31Pd19.69Pt16.59Rh15.13,0.41784343
249,26.29,22.11,21.76,16.27,13.58,Ag26.29Au22.11Pd21.76Pt16.27Rh13.58,0.41550362
250,24.08,23.58,23.75,15.53,13.06,Ag24.08Au23.58Pd23.75Pt15.53Rh13.06,0.41414374
251,21.54,26.11,25.24,15.02,12.09,Ag21.54Au26.11Pd25.24Pt15.02Rh12.09,0.41242486
252,20.04,27.64,26.35,14.59,11.37,Ag20.04Au27.64Pd26.35Pt14.59Rh11.37,0.41095507
253,18.3,29.35,27.79,13.55,11.01,Ag18.30Au29.35Pd27.79Pt13.55Rh11.01,0.4091647
254,16.74,31.09,29.79,13.1,9.29,Ag16.74Au31.09Pd29.79Pt13.10Rh9.29,0.40600142
255,15.02,32.62,31.48,12.27,8.61,Ag15.02Au32.62Pd31.48Pt12.27Rh8.61,0.4039069
256,13.17,34.88,31.95,11.63,8.37,Ag13.17Au34.88Pd31.95Pt11.63Rh8.37,0.40280473
257,11.85,36.68,33.55,10.9,7.02,Ag11.85Au36.68Pd33.55Pt10.90Rh7.02,0.39968964
258,11.35,37.17,35.49,9.56,6.42,Ag11.35Au37.17Pd35.49Pt9.56Rh6.42,0.39674336
259,9.81,39.07,36.46,8.93,5.74,Ag9.81Au39.07Pd36.46Pt8.93Rh5.74,0.39481872
260,44.99,9.91,9.13,17.42,18.54,Ag44.99Au9.91Pd9.13Pt17.42Rh18.54,0.4182065
261,43.08,10.95,10.91,17.38,17.68,Ag43.08Au10.95Pd10.91Pt17.38Rh17.68,0.41773313
262,39.79,11.99,12.22,17.9,18.11,Ag39.79Au11.99Pd12.22Pt17.90Rh18.11,0.4203558
263,37.39,13.61,14.05,18.13,16.82,Ag37.39Au13.61Pd14.05Pt18.13Rh16.82,0.41966718
264,35.32,14.35,15.55,18.31,16.47,Ag35.32Au14.35Pd15.55Pt18.31Rh16.47,0.42010236
265,33.57,15.87,16.81,17.91,15.85,Ag33.57Au15.87Pd16.81Pt17.91Rh15.85,0.4192022
266,30.56,17.48,19.02,18.11,14.83,Ag30.56Au17.48Pd19.02Pt18.11Rh14.83,0.41882712
267,28.12,19.5,20.47,17.62,14.29,Ag28.12Au19.50Pd20.47Pt17.62Rh14.29,0.4179947
268,25.72,21.57,22.54,17.0,13.17,Ag25.72Au21.57Pd22.54Pt17.00Rh13.17,0.41599536
269,23.58,23.19,24.0,16.38,12.85,Ag23.58Au23.19Pd24.00Pt16.38Rh12.85,0.4150955
270,21.32,24.92,26.06,15.95,11.76,Ag21.32Au24.92Pd26.06Pt15.95Rh11.76,0.41320723
271,19.84,26.87,27.97,15.14,10.17,Ag19.84Au26.87Pd27.97Pt15.14Rh10.17,0.40982634
272,17.17,28.1,29.99,14.55,10.2,Ag17.17Au28.10Pd29.99Pt14.55Rh10.20,0.40936428
273,15.29,29.87,31.57,14.24,9.04,Ag15.29Au29.87Pd31.57Pt14.24Rh9.04,0.407304
274,14.58,31.87,32.56,13.35,7.64,Ag14.58Au31.87Pd32.56Pt13.35Rh7.64,0.40391558
275,13.1,33.27,33.51,12.94,7.18,Ag13.10Au33.27Pd33.51Pt12.94Rh7.18,0.4027282
276,12.36,34.93,33.96,11.66,7.08,Ag12.36Au34.93Pd33.96Pt11.66Rh7.08,0.40080371
277,10.54,36.21,36.75,10.31,6.19,Ag10.54Au36.21Pd36.75Pt10.31Rh6.19,0.39744315
278,10.25,37.13,37.13,9.84,5.65,Ag10.25Au37.13Pd37.13Pt9.84Rh5.65,0.39592248
279,43.09,10.32,11.19,19.51,15.88,Ag43.09Au10.32Pd11.19Pt19.51Rh15.88,0.4179566
280,39.77,11.28,13.22,19.17,16.56,Ag39.77Au11.28Pd13.22Pt19.17Rh16.56,0.41980088
281,38.07,12.49,14.43,19.45,15.56,Ag38.07Au12.49Pd14.43Pt19.45Rh15.56,0.41932338
282,35.43,14.28,16.86,18.75,14.68,Ag35.43Au14.28Pd16.86Pt18.75Rh14.68,0.41798115
283,32.63,15.95,18.24,19.03,14.14,Ag32.63Au15.95Pd18.24Pt19.03Rh14.14,0.41842318
284,30.4,16.68,19.9,19.11,13.9,Ag30.40Au16.68Pd19.90Pt19.11Rh13.90,0.4187887
285,28.77,18.57,21.86,18.53,12.26,Ag28.77Au18.57Pd21.86Pt18.53Rh12.26,0.41592675
286,25.98,20.61,23.07,18.3,12.03,Ag25.98Au20.61Pd23.07Pt18.30Rh12.03,0.41593564
287,23.14,22.19,25.28,17.87,11.53,Ag23.14Au22.19Pd25.28Pt17.87Rh11.53,0.41513145
288,21.61,23.7,26.21,17.62,10.86,Ag21.61Au23.70Pd26.21Pt17.62Rh10.86,0.41404003
289,20.25,24.6,29.03,16.52,9.6,Ag20.25Au24.60Pd29.03Pt16.52Rh9.60,0.4106943
290,18.54,26.72,30.05,15.88,8.81,Ag18.54Au26.72Pd30.05Pt15.88Rh8.81,0.40883663
291,16.3,28.36,31.83,15.23,8.27,Ag16.30Au28.36Pd31.83Pt15.23Rh8.27,0.40732962
292,15.25,29.89,33.32,14.01,7.53,Ag15.25Au29.89Pd33.32Pt14.01Rh7.53,0.40452322
293,13.45,31.17,34.54,12.82,8.02,Ag13.45Au31.17Pd34.54Pt12.82Rh8.02,0.40373597
294,12.05,33.4,35.75,12.4,6.41,Ag12.05Au33.40Pd35.75Pt12.40Rh6.41,0.4007033
295,11.27,34.25,37.35,11.66,5.48,Ag11.27Au34.25Pd37.35Pt11.66Rh5.48,0.39815316
296,40.67,11.24,13.87,20.03,14.19,Ag40.67Au11.24Pd13.87Pt20.03Rh14.19,0.41711318
297,38.37,12.03,15.05,20.47,14.08,Ag38.37Au12.03Pd15.05Pt20.47Rh14.08,0.41836178
298,35.82,13.4,16.51,20.65,13.61,Ag35.82Au13.40Pd16.51Pt20.65Rh13.61,0.41876736
299,33.43,14.51,18.73,20.28,13.06,Ag33.43Au14.51Pd18.73Pt20.28Rh13.06,0.41818172
300,30.28,16.53,20.1,20.48,12.62,Ag30.28Au16.53Pd20.10Pt20.48Rh12.62,0.4186852
301,29.0,17.75,22.15,19.6,11.5,Ag29.00Au17.75Pd22.15Pt19.60Rh11.50,0.41611546
302,26.09,19.21,23.52,19.42,11.76,Ag26.09Au19.21Pd23.52Pt19.42Rh11.76,0.41696063
303,24.51,21.5,25.39,19.27,9.33,Ag24.51Au21.50Pd25.39Pt19.27Rh9.33,0.41332543
304,21.23,22.45,27.76,18.57,9.99,Ag21.23Au22.45Pd27.76Pt18.57Rh9.99,0.41395012
305,20.23,23.61,29.43,18.08,8.65,Ag20.23Au23.61Pd29.43Pt18.08Rh8.65,0.41130847
306,17.46,25.55,32.0,16.44,8.55,Ag17.46Au25.55Pd32.00Pt16.44Rh8.55,0.40921265
307,15.98,27.51,32.99,15.96,7.55,Ag15.98Au27.51Pd32.99Pt15.96Rh7.55,0.40716422
308,14.33,29.12,34.26,14.83,7.47,Ag14.33Au29.12Pd34.26Pt14.83Rh7.47,0.4055969
309,13.18,29.83,36.13,14.54,6.31,Ag13.18Au29.83Pd36.13Pt14.54Rh6.31,0.40337178
310,12.69,31.22,36.93,13.09,6.08,Ag12.69Au31.22Pd36.93Pt13.09Rh6.08,0.40098202
311,37.51,11.79,15.48,21.99,13.23,Ag37.51Au11.79Pd15.48Pt21.99Rh13.23,0.41936386
312,35.5,12.26,17.5,21.95,12.79,Ag35.50Au12.26Pd17.50Pt21.95Rh12.79,0.41930303
313,32.87,14.18,18.79,22.02,12.14,Ag32.87Au14.18Pd18.79Pt22.02Rh12.14,0.4192291
314,30.11,15.93,20.81,21.3,11.85,Ag30.11Au15.93Pd20.81Pt21.30Rh11.85,0.4186111
315,28.62,16.62,22.59,20.87,11.3,Ag28.62Au16.62Pd22.59Pt20.87Rh11.30,0.41755098
316,26.37,17.86,24.82,20.47,10.48,Ag26.37Au17.86Pd24.82Pt20.47Rh10.48,0.41624123
317,24.99,18.86,27.48,19.29,9.38,Ag24.99Au18.86Pd27.48Pt19.29Rh9.38,0.41316915
318,21.71,20.89,28.64,19.13,9.64,Ag21.71Au20.89Pd28.64Pt19.13Rh9.64,0.41398087
319,19.5,22.38,30.63,19.0,8.48,Ag19.50Au22.38Pd30.63Pt19.00Rh8.48,0.41229674
320,18.34,23.51,31.84,18.08,8.23,Ag18.34Au23.51Pd31.84Pt18.08Rh8.23,0.41078556
321,17.1,25.34,33.52,17.0,7.04,Ag17.10Au25.34Pd33.52Pt17.00Rh7.04,0.40755886
322,14.96,26.86,35.1,16.29,6.8,Ag14.96Au26.86Pd35.10Pt16.29Rh6.80,0.40638253
323,13.59,28.49,37.11,15.35,5.47,Ag13.59Au28.49Pd37.11Pt15.35Rh5.47,0.40302408
324,35.41,12.32,17.53,22.75,11.99,Ag35.41Au12.32Pd17.53Pt22.75Rh11.99,0.4191569
325,33.03,13.58,19.54,22.27,11.58,Ag33.03Au13.58Pd19.54Pt22.27Rh11.58,0.4186293
326,30.58,14.54,21.75,22.21,10.92,Ag30.58Au14.54Pd21.75Pt22.21Rh10.92,0.41819164
327,27.91,16.03,23.29,22.08,10.69,Ag27.91Au16.03Pd23.29Pt22.08Rh10.69,0.41833222
328,25.41,17.05,25.64,21.84,10.06,Ag25.41Au17.05Pd25.64Pt21.84Rh10.06,0.4175436
329,23.34,18.28,28.3,20.88,9.2,Ag23.34Au18.28Pd28.30Pt20.88Rh9.20,0.4152653
330,21.65,20.03,29.56,20.11,8.65,Ag21.65Au20.03Pd29.56Pt20.11Rh8.65,0.4136818
331,19.87,21.38,31.27,19.97,7.52,Ag19.87Au21.38Pd31.27Pt19.97Rh7.52,0.4119554
332,17.74,22.29,33.28,19.4,7.28,Ag17.74Au22.29Pd33.28Pt19.40Rh7.28,0.4110154
333,16.39,24.11,34.67,18.22,6.6,Ag16.39Au24.11Pd34.67Pt18.22Rh6.60,0.40849003
334,14.93,25.05,36.63,17.0,6.39,Ag14.93Au25.05Pd36.63Pt17.00Rh6.39,0.40652782
335,31.06,13.56,22.04,23.85,9.49,Ag31.06Au13.56Pd22.04Pt23.85Rh9.49,0.4179445
336,27.7,14.81,24.12,23.31,10.06,Ag27.70Au14.81Pd24.12Pt23.31Rh10.06,0.41893086
337,25.96,15.85,26.3,22.49,9.4,Ag25.96Au15.85Pd26.30Pt22.49Rh9.40,0.41717514
338,23.73,17.71,27.51,22.79,8.27,Ag23.73Au17.71Pd27.51Pt22.79Rh8.27,0.41626278
339,21.35,18.88,30.03,21.98,7.77,Ag21.35Au18.88Pd30.03Pt21.98Rh7.77,0.4147478
340,18.89,19.68,31.98,21.16,8.29,Ag18.89Au19.68Pd31.98Pt21.16Rh8.29,0.4147624
341,17.5,21.08,34.42,19.77,7.23,Ag17.50Au21.08Pd34.42Pt19.77Rh7.23,0.41131327
