index,Au,Cu,Pd,Pt,Composition,Similarity_to_Resistance
0,52.33,7.7,28.64,11.33,Au52.33Cu7.70Pd28.64Pt11.33,0.37480205
1,47.98,8.23,31.99,11.81,Au47.98Cu8.23Pd31.99Pt11.81,0.3745188
2,45.53,8.67,33.95,11.85,Au45.53Cu8.67Pd33.95Pt11.85,0.37367833
3,42.59,9.37,36.58,11.46,Au42.59Cu9.37Pd36.58Pt11.46,0.37162104
4,39.94,9.48,39.25,11.33,Au39.94Cu9.48Pd39.25Pt11.33,0.37102696
5,36.37,10.83,42.21,10.58,Au36.37Cu10.83Pd42.21Pt10.58,0.36694565
6,33.79,11.34,44.17,10.7,Au33.79Cu11.34Pd44.17Pt10.70,0.36581993
7,30.98,11.85,47.35,9.83,Au30.98Cu11.85Pd47.35Pt9.83,0.36308736
8,28.62,12.29,49.46,9.63,Au28.62Cu12.29Pd49.46Pt9.63,0.36152628
9,25.86,11.79,52.65,9.7,Au25.86Cu11.79Pd52.65Pt9.70,0.36202085
10,23.27,12.92,54.83,8.98,Au23.27Cu12.92Pd54.83Pt8.98,0.3581997
11,52.43,8.17,26.1,13.3,Au52.43Cu8.17Pd26.10Pt13.30,0.37665313
12,49.67,8.57,28.93,12.83,Au49.67Cu8.57Pd28.93Pt12.83,0.3753003
13,46.45,9.33,30.96,13.26,Au46.45Cu9.33Pd30.96Pt13.26,0.3744383
14,43.77,9.9,33.49,12.84,Au43.77Cu9.90Pd33.49Pt12.84,0.3726592
15,40.63,10.04,36.45,12.88,Au40.63Cu10.04Pd36.45Pt12.88,0.3722862
16,37.81,10.97,38.49,12.72,Au37.81Cu10.97Pd38.49Pt12.72,0.37002206
17,35.89,11.56,40.45,12.1,Au35.89Cu11.56Pd40.45Pt12.10,0.3677643
18,32.47,10.58,45.07,11.88,Au32.47Cu10.58Pd45.07Pt11.88,0.36886892
19,30.21,12.04,46.78,10.98,Au30.21Cu12.04Pd46.78Pt10.98,0.3643612
20,27.54,13.06,48.54,10.86,Au27.54Cu13.06Pd48.54Pt10.86,0.3617589
21,24.76,13.5,51.35,10.4,Au24.76Cu13.50Pd51.35Pt10.40,0.35965887
22,22.52,13.57,53.53,10.39,Au22.52Cu13.57Pd53.53Pt10.39,0.3590149
23,20.27,14.19,55.98,9.56,Au20.27Cu14.19Pd55.98Pt9.56,0.35601005
24,52.37,8.96,23.36,15.3,Au52.37Cu8.96Pd23.36Pt15.30,0.37784427
25,50.09,7.83,26.51,15.57,Au50.09Cu7.83Pd26.51Pt15.57,0.3805818
26,47.08,9.89,28.01,15.01,Au47.08Cu9.89Pd28.01Pt15.01,0.3758022
27,44.74,9.62,30.27,15.37,Au44.74Cu9.62Pd30.27Pt15.37,0.3768457
28,41.51,9.78,33.21,15.5,Au41.51Cu9.78Pd33.21Pt15.50,0.37662703
29,39.62,11.34,34.79,14.25,Au39.62Cu11.34Pd34.79Pt14.25,0.3716716
30,36.64,12.48,37.24,13.64,Au36.64Cu12.48Pd37.24Pt13.64,0.36831707
31,34.27,12.33,39.8,13.6,Au34.27Cu12.33Pd39.80Pt13.60,0.3683132
32,31.2,12.69,42.85,13.26,Au31.20Cu12.69Pd42.85Pt13.26,0.36671397
33,29.03,13.28,45.45,12.23,Au29.03Cu13.28Pd45.45Pt12.23,0.36368924
34,26.06,13.91,47.79,12.23,Au26.06Cu13.91Pd47.79Pt12.23,0.3619501
35,24.04,13.96,50.63,11.38,Au24.04Cu13.96Pd50.63Pt11.38,0.36014783
36,21.36,14.75,52.57,11.32,Au21.36Cu14.75Pd52.57Pt11.32,0.35796064
37,19.51,15.28,54.69,10.51,Au19.51Cu15.28Pd54.69Pt10.51,0.35525605
38,17.78,16.56,55.53,10.13,Au17.78Cu16.56Pd55.53Pt10.13,0.35180467
39,52.82,8.09,21.15,17.93,Au52.82Cu8.09Pd21.15Pt17.93,0.3830898
40,50.48,8.25,23.72,17.55,Au50.48Cu8.25Pd23.72Pt17.55,0.38243034
41,48.77,9.69,24.67,16.87,Au48.77Cu9.69Pd24.67Pt16.87,0.37872058
42,45.28,9.59,28.26,16.86,Au45.28Cu9.59Pd28.26Pt16.86,0.37898773
43,42.58,10.82,30.31,16.29,Au42.58Cu10.82Pd30.31Pt16.29,0.37572888
44,40.76,11.4,31.46,16.38,Au40.76Cu11.40Pd31.46Pt16.38,0.37465042
45,38.01,11.4,34.43,16.16,Au38.01Cu11.40Pd34.43Pt16.16,0.37419498
46,34.56,12.77,37.46,15.21,Au34.56Cu12.77Pd37.46Pt15.21,0.36984164
47,32.51,12.87,39.29,15.33,Au32.51Cu12.87Pd39.29Pt15.33,0.36959612
48,30.3,13.56,41.14,15.0,Au30.30Cu13.56Pd41.14Pt15.00,0.3674778
49,27.46,14.25,44.5,13.79,Au27.46Cu14.25Pd44.50Pt13.79,0.36390102
50,24.94,14.29,46.93,13.83,Au24.94Cu14.29Pd46.93Pt13.83,0.36343184
51,22.27,15.18,49.51,13.04,Au22.27Cu15.18Pd49.51Pt13.04,0.3599826
52,20.76,15.54,51.73,11.96,Au20.76Cu15.54Pd51.73Pt11.96,0.3573049
53,18.08,16.06,53.61,12.25,Au18.08Cu16.06Pd53.61Pt12.25,0.35612202
54,16.71,16.12,56.06,11.1,Au16.71Cu16.12Pd56.06Pt11.10,0.3538742
55,14.86,17.26,57.47,10.41,Au14.86Cu17.26Pd57.47Pt10.41,0.35014546
56,52.49,7.49,20.1,19.92,Au52.49Cu7.49Pd20.10Pt19.92,0.38692728
57,50.52,8.8,21.22,19.46,Au50.52Cu8.80Pd21.22Pt19.46,0.38386828
58,48.95,9.17,22.4,19.48,Au48.95Cu9.17Pd22.40Pt19.48,0.38325626
59,45.62,10.14,24.97,19.27,Au45.62Cu10.14Pd24.97Pt19.27,0.38117224
60,43.84,9.33,27.49,19.34,Au43.84Cu9.33Pd27.49Pt19.34,0.3829043
61,40.49,10.96,29.49,19.06,Au40.49Cu10.96Pd29.49Pt19.06,0.37924755
62,37.67,12.14,31.87,18.32,Au37.67Cu12.14Pd31.87Pt18.32,0.3757613
63,36.05,12.04,33.81,18.09,Au36.05Cu12.04Pd33.81Pt18.09,0.3755342
64,33.41,12.75,36.31,17.54,Au33.41Cu12.75Pd36.31Pt17.54,0.37312385
65,30.38,14.03,38.59,17.0,Au30.38Cu14.03Pd38.59Pt17.00,0.36948496
66,28.86,14.45,40.92,15.77,Au28.86Cu14.45Pd40.92Pt15.77,0.36666337
67,26.62,14.53,43.15,15.7,Au26.62Cu14.53Pd43.15Pt15.70,0.3660581
68,23.71,14.98,46.06,15.24,Au23.71Cu14.98Pd46.06Pt15.24,0.36397964
69,20.89,16.69,48.15,14.28,Au20.89Cu16.69Pd48.15Pt14.28,0.35865265
70,19.83,16.76,50.28,13.13,Au19.83Cu16.76Pd50.28Pt13.13,0.35654223
71,17.86,17.19,52.55,12.41,Au17.86Cu17.19Pd52.55Pt12.41,0.35415363
72,15.56,18.08,53.98,12.39,Au15.56Cu18.08Pd53.98Pt12.39,0.35184076
73,14.15,18.57,55.7,11.59,Au14.15Cu18.57Pd55.70Pt11.59,0.3492972
74,13.1,18.26,57.75,10.89,Au13.10Cu18.26Pd57.75Pt10.89,0.3485126
75,49.68,9.51,19.36,21.44,Au49.68Cu9.51Pd19.36Pt21.44,0.3850749
76,47.69,8.97,20.95,22.39,Au47.69Cu8.97Pd20.95Pt22.39,0.38752675
77,46.38,9.58,22.1,21.94,Au46.38Cu9.58Pd22.10Pt21.94,0.38579413
78,43.65,9.76,24.6,22.0,Au43.65Cu9.76Pd24.60Pt22.00,0.38560364
79,41.22,11.39,26.25,21.14,Au41.22Cu11.39Pd26.25Pt21.14,0.3812193
80,39.48,11.1,28.64,20.78,Au39.48Cu11.10Pd28.64Pt20.78,0.38128898
81,37.24,12.43,30.21,20.12,Au37.24Cu12.43Pd30.21Pt20.12,0.37765306
82,34.14,13.43,32.82,19.61,Au34.14Cu13.43Pd32.82Pt19.61,0.3747594
83,31.49,14.22,35.12,19.16,Au31.49Cu14.22Pd35.12Pt19.16,0.37231806
84,29.65,14.0,38.39,17.96,Au29.65Cu14.00Pd38.39Pt17.96,0.37083533
85,26.93,15.72,39.74,17.62,Au26.93Cu15.72Pd39.74Pt17.62,0.36657324
86,24.5,16.41,42.09,17.0,Au24.50Cu16.41Pd42.09Pt17.00,0.36392534
87,22.98,16.89,43.94,16.2,Au22.98Cu16.89Pd43.94Pt16.20,0.3615374
88,20.18,16.91,46.96,15.95,Au20.18Cu16.91Pd46.96Pt15.95,0.36057806
89,18.38,18.12,48.51,14.99,Au18.38Cu18.12Pd48.51Pt14.99,0.35639057
90,16.27,18.07,51.22,14.43,Au16.27Cu18.07Pd51.22Pt14.43,0.35515195
91,14.35,19.66,52.48,13.51,Au14.35Cu19.66Pd52.48Pt13.51,0.35019356
92,13.11,20.53,53.89,12.47,Au13.11Cu20.53Pd53.89Pt12.47,0.34659436
93,11.89,20.22,55.89,12.0,Au11.89Cu20.22Pd55.89Pt12.00,0.34614754
94,50.88,7.76,17.31,24.05,Au50.88Cu7.76Pd17.31Pt24.05,0.3917838
95,47.69,9.74,18.7,23.87,Au47.69Cu9.74Pd18.70Pt23.87,0.3878551
96,44.75,9.86,21.15,24.24,Au44.75Cu9.86Pd21.15Pt24.24,0.3882628
97,44.16,9.62,21.91,24.32,Au44.16Cu9.62Pd21.91Pt24.32,0.3888712
98,42.12,11.13,22.94,23.81,Au42.12Cu11.13Pd22.94Pt23.81,0.38524193
99,38.14,12.09,25.75,24.03,Au38.14Cu12.09Pd25.75Pt24.03,0.38360345
100,37.47,12.62,27.17,22.75,Au37.47Cu12.62Pd27.17Pt22.75,0.38083285
101,35.16,13.75,28.47,22.62,Au35.16Cu13.75Pd28.47Pt22.62,0.37829366
102,32.49,14.22,31.64,21.65,Au32.49Cu14.22Pd31.64Pt21.65,0.37586716
103,30.12,14.17,34.03,21.67,Au30.12Cu14.17Pd34.03Pt21.67,0.3757826
104,27.55,14.9,36.46,21.09,Au27.55Cu14.90Pd36.46Pt21.09,0.3732267
105,24.9,16.18,38.96,19.96,Au24.90Cu16.18Pd38.96Pt19.96,0.3687166
106,23.53,16.4,41.08,18.99,Au23.53Cu16.40Pd41.08Pt18.99,0.36667183
107,20.86,18.66,42.27,18.21,Au20.86Cu18.66Pd42.27Pt18.21,0.36058336
108,19.09,18.02,45.28,17.61,Au19.09Cu18.02Pd45.28Pt17.61,0.3606332
109,17.27,19.38,46.78,16.57,Au17.27Cu19.38Pd46.78Pt16.57,0.35602912
110,15.76,21.04,48.04,15.15,Au15.76Cu21.04Pd48.04Pt15.15,0.35029113
111,14.26,19.92,50.97,14.85,Au14.26Cu19.92Pd50.97Pt14.85,0.35169655
112,12.73,20.88,52.64,13.75,Au12.73Cu20.88Pd52.64Pt13.75,0.34776855
113,11.21,21.91,54.05,12.83,Au11.21Cu21.91Pd54.05Pt12.83,0.3439561
114,10.16,22.1,55.65,12.09,Au10.16Cu22.10Pd55.65Pt12.09,0.34216857
115,47.23,8.67,17.15,26.95,Au47.23Cu8.67Pd17.15Pt26.95,0.39385593
116,44.53,11.16,17.2,27.11,Au44.53Cu11.16Pd17.20Pt27.11,0.38920844
117,43.25,10.17,18.52,28.06,Au43.25Cu10.17Pd18.52Pt28.06,0.3924619
118,41.66,10.42,20.89,27.03,Au41.66Cu10.42Pd20.89Pt27.03,0.39076442
119,38.87,10.71,23.61,26.81,Au38.87Cu10.71Pd23.61Pt26.81,0.38995636
120,37.28,11.8,24.29,26.64,Au37.28Cu11.80Pd24.29Pt26.64,0.38754395
121,34.68,13.37,26.33,25.61,Au34.68Cu13.37Pd26.33Pt25.61,0.38299158
122,32.39,13.61,29.36,24.64,Au32.39Cu13.61Pd29.36Pt24.64,0.38111767
123,31.62,13.32,30.36,24.69,Au31.62Cu13.32Pd30.36Pt24.69,0.38171273
124,28.9,14.91,32.72,23.47,Au28.90Cu14.91Pd32.72Pt23.47,0.3766454
125,26.78,16.34,34.03,22.86,Au26.78Cu16.34Pd34.03Pt22.86,0.37270433
126,23.38,17.15,37.67,21.8,Au23.38Cu17.15Pd37.67Pt21.80,0.36914986
127,22.08,17.3,39.55,21.08,Au22.08Cu17.30Pd39.55Pt21.08,0.367629
128,20.08,18.5,41.45,19.97,Au20.08Cu18.50Pd41.45Pt19.97,0.36330163
129,17.44,19.07,43.9,19.59,Au17.44Cu19.07Pd43.90Pt19.59,0.3611059
130,16.42,20.8,44.77,18.01,Au16.42Cu20.80Pd44.77Pt18.01,0.35514465
131,14.51,21.02,47.3,17.17,Au14.51Cu21.02Pd47.30Pt17.17,0.3530529
132,12.88,21.91,49.0,16.21,Au12.88Cu21.91Pd49.00Pt16.21,0.34947908
133,12.35,21.67,51.06,14.92,Au12.35Cu21.67Pd51.06Pt14.92,0.34789193
134,10.57,23.22,52.28,13.93,Au10.57Cu23.22Pd52.28Pt13.93,0.3428852
135,9.63,23.69,53.51,13.16,Au9.63Cu23.69Pd53.51Pt13.16,0.34054127
136,44.95,9.22,15.96,29.87,Au44.95Cu9.22Pd15.96Pt29.87,0.3964241
137,41.7,10.39,18.08,29.83,Au41.70Cu10.39Pd18.08Pt29.83,0.39423308
138,40.24,11.19,18.36,30.21,Au40.24Cu11.19Pd18.36Pt30.21,0.39313406
139,38.79,10.14,20.66,30.42,Au38.79Cu10.14Pd20.66Pt30.42,0.39555132
140,36.32,12.01,21.94,29.73,Au36.32Cu12.01Pd21.94Pt29.73,0.39097607
141,34.92,13.06,23.55,28.48,Au34.92Cu13.06Pd23.55Pt28.48,0.38728625
142,32.21,13.71,25.69,28.39,Au32.21Cu13.71Pd25.69Pt28.39,0.38577342
143,30.44,14.37,27.52,27.67,Au30.44Cu14.37Pd27.52Pt27.67,0.38342202
144,28.75,15.0,29.14,27.11,Au28.75Cu15.00Pd29.14Pt27.11,0.38129947
145,26.33,15.9,31.84,25.93,Au26.33Cu15.90Pd31.84Pt25.93,0.37769654
146,24.2,17.26,33.06,25.48,Au24.20Cu17.26Pd33.06Pt25.48,0.37409645
147,22.3,17.71,35.75,24.23,Au22.30Cu17.71Pd35.75Pt24.23,0.37123284
148,20.18,18.82,37.82,23.18,Au20.18Cu18.82Pd37.82Pt23.18,0.36721295
149,18.25,19.86,39.79,22.09,Au18.25Cu19.86Pd39.79Pt22.09,0.36325276
150,17.15,20.78,41.36,20.71,Au17.15Cu20.78Pd41.36Pt20.71,0.35923326
151,14.95,21.54,43.53,19.99,Au14.95Cu21.54Pd43.53Pt19.99,0.35622743
152,13.89,22.21,45.31,18.59,Au13.89Cu22.21Pd45.31Pt18.59,0.3526207
153,12.2,23.69,46.85,17.26,Au12.20Cu23.69Pd46.85Pt17.26,0.34731412
154,11.31,23.69,48.79,16.21,Au11.31Cu23.69Pd48.79Pt16.21,0.34555244
155,10.1,24.35,50.68,14.87,Au10.10Cu24.35Pd50.68Pt14.87,0.34193563
156,9.25,23.82,52.47,14.47,Au9.25Cu23.82Pd52.47Pt14.47,0.34217268
157,41.12,10.72,15.3,32.86,Au41.12Cu10.72Pd15.30Pt32.86,0.39713642
158,40.19,10.33,16.16,33.32,Au40.19Cu10.33Pd16.16Pt33.32,0.3985138
159,38.23,10.9,17.97,32.9,Au38.23Cu10.90Pd17.97Pt32.90,0.39697063
160,35.93,12.09,19.48,32.5,Au35.93Cu12.09Pd19.48Pt32.50,0.3941487
161,34.05,12.29,21.06,32.61,Au34.05Cu12.29Pd21.06Pt32.61,0.3938815
162,31.31,13.61,22.76,32.32,Au31.31Cu13.61Pd22.76Pt32.32,0.3908105
163,29.84,14.2,23.66,32.3,Au29.84Cu14.20Pd23.66Pt32.30,0.38953382
164,28.44,15.46,25.22,30.88,Au28.44Cu15.46Pd25.22Pt30.88,0.38514704
165,26.23,15.37,28.7,29.71,Au26.23Cu15.37Pd28.70Pt29.71,0.38368982
166,24.23,17.05,30.2,28.52,Au24.23Cu17.05Pd30.20Pt28.52,0.37854847
167,22.89,17.05,32.09,27.97,Au22.89Cu17.05Pd32.09Pt27.97,0.3776734
168,19.78,19.44,34.01,26.77,Au19.78Cu19.44Pd34.01Pt26.77,0.370795
169,19.08,19.85,35.64,25.42,Au19.08Cu19.85Pd35.64Pt25.42,0.36802816
170,17.14,20.52,38.38,23.96,Au17.14Cu20.52Pd38.38Pt23.96,0.364332
171,15.8,21.88,39.36,22.96,Au15.80Cu21.88Pd39.36Pt22.96,0.35992587
172,14.53,22.74,41.2,21.53,Au14.53Cu22.74Pd41.20Pt21.53,0.35591233
173,12.96,22.78,43.77,20.49,Au12.96Cu22.78Pd43.77Pt20.49,0.35401914
174,11.63,23.92,45.38,19.07,Au11.63Cu23.92Pd45.38Pt19.07,0.3493661
175,10.53,24.26,47.38,17.84,Au10.53Cu24.26Pd47.38Pt17.84,0.34663
176,9.18,25.25,48.81,16.76,Au9.18Cu25.25Pd48.81Pt16.76,0.3427159
177,8.58,25.44,50.46,15.52,Au8.58Cu25.44Pd50.46Pt15.52,0.34034288
178,39.39,9.83,14.47,36.31,Au39.39Cu9.83Pd14.47Pt36.31,0.40291652
179,37.03,10.64,15.3,37.03,Au37.03Cu10.64Pd15.30Pt37.03,0.40220588
180,35.36,10.66,17.27,36.72,Au35.36Cu10.66Pd17.27Pt36.72,0.40188742
181,33.24,12.35,18.14,36.28,Au33.24Cu12.35Pd18.14Pt36.28,0.39801794
182,31.54,12.79,19.68,36.0,Au31.54Cu12.79Pd19.68Pt36.00,0.39680865
183,29.61,12.92,22.54,34.93,Au29.61Cu12.92Pd22.54Pt34.93,0.39526317
184,28.13,14.67,23.12,34.08,Au28.13Cu14.67Pd23.12Pt34.08,0.3906455
185,26.45,16.14,24.39,33.02,Au26.45Cu16.14Pd24.39Pt33.02,0.3862676
186,24.18,16.28,27.13,32.41,Au24.18Cu16.28Pd27.13Pt32.41,0.38505685
187,22.47,17.89,28.34,31.3,Au22.47Cu17.89Pd28.34Pt31.30,0.3802078
188,21.02,19.12,29.54,30.32,Au21.02Cu19.12Pd29.54Pt30.32,0.3762707
189,18.96,19.86,32.52,28.66,Au18.96Cu19.86Pd32.52Pt28.66,0.37232554
190,17.66,20.76,33.64,27.95,Au17.66Cu20.76Pd33.64Pt27.95,0.36934644
191,16.08,21.78,35.93,26.21,Au16.08Cu21.78Pd35.93Pt26.21,0.36465877
192,14.73,22.52,38.12,24.63,Au14.73Cu22.52Pd38.12Pt24.63,0.36073852
193,13.04,23.82,39.84,23.3,Au13.04Cu23.82Pd39.84Pt23.30,0.3559
194,12.16,24.42,41.55,21.86,Au12.16Cu24.42Pd41.55Pt21.86,0.35246325
195,10.46,25.59,43.28,20.68,Au10.46Cu25.59Pd43.28Pt20.68,0.34802705
196,9.82,25.42,45.23,19.52,Au9.82Cu25.42Pd45.23Pt19.52,0.34655815
197,9.26,26.23,46.75,17.76,Au9.26Cu26.23Pd46.75Pt17.76,0.34222132
198,8.42,27.55,47.65,16.38,Au8.42Cu27.55Pd47.65Pt16.38,0.3373082
199,35.99,9.23,14.76,40.02,Au35.99Cu9.23Pd14.76Pt40.02,0.40829504
200,34.63,10.2,15.08,40.09,Au34.63Cu10.20Pd15.08Pt40.09,0.4064886
201,32.34,11.66,16.72,39.27,Au32.34Cu11.66Pd16.72Pt39.27,0.40273857
202,31.08,12.18,17.79,38.96,Au31.08Cu12.18Pd17.79Pt38.96,0.40135843
203,29.53,13.14,18.82,38.51,Au29.53Cu13.14Pd18.82Pt38.51,0.39891058
204,27.33,13.66,20.62,38.39,Au27.33Cu13.66Pd20.62Pt38.39,0.39766958
205,26.09,14.78,22.04,37.08,Au26.09Cu14.78Pd22.04Pt37.08,0.3938476
206,23.88,15.92,23.22,36.98,Au23.88Cu15.92Pd23.22Pt36.98,0.39127257
207,22.06,17.22,25.59,35.13,Au22.06Cu17.22Pd25.59Pt35.13,0.38627058
208,21.11,18.5,27.18,33.22,Au21.11Cu18.50Pd27.18Pt33.22,0.38121194
209,18.98,19.47,28.71,32.84,Au18.98Cu19.47Pd28.71Pt32.84,0.37849802
210,17.47,20.54,30.68,31.31,Au17.47Cu20.54Pd30.68Pt31.31,0.37415442
211,15.76,20.86,33.37,30.01,Au15.76Cu20.86Pd33.37Pt30.01,0.37155664
212,14.53,22.88,34.34,28.26,Au14.53Cu22.88Pd34.34Pt28.26,0.36488026
213,13.12,23.12,36.58,27.17,Au13.12Cu23.12Pd36.58Pt27.17,0.36267322
214,11.95,23.93,38.54,25.58,Au11.95Cu23.93Pd38.54Pt25.58,0.3586167
215,11.08,25.21,39.96,23.75,Au11.08Cu25.21Pd39.96Pt23.75,0.35327238
216,10.17,27.09,40.74,21.99,Au10.17Cu27.09Pd40.74Pt21.99,0.34672529
217,9.21,26.63,43.1,21.05,Au9.21Cu26.63Pd43.10Pt21.05,0.3461395
218,8.37,26.6,45.23,19.8,Au8.37Cu26.60Pd45.23Pt19.80,0.34422052
219,7.98,28.28,46.04,17.7,Au7.98Cu28.28Pd46.04Pt17.70,0.33764225
220,32.55,11.44,13.22,42.79,Au32.55Cu11.44Pd13.22Pt42.79,0.40686506
221,31.46,11.45,14.43,42.65,Au31.46Cu11.45Pd14.43Pt42.65,0.4067432
222,29.93,12.07,15.83,42.17,Au29.93Cu12.07Pd15.83Pt42.17,0.40502244
223,28.62,12.77,16.47,42.14,Au28.62Cu12.77Pd16.47Pt42.14,0.4035806
224,26.72,14.02,18.49,40.77,Au26.72Cu14.02Pd18.49Pt40.77,0.39955324
225,25.29,14.47,19.56,40.68,Au25.29Cu14.47Pd19.56Pt40.68,0.3984945
226,23.09,15.25,21.5,40.17,Au23.09Cu15.25Pd21.50Pt40.17,0.39623117
227,22.39,16.63,21.38,39.61,Au22.39Cu16.63Pd21.38Pt39.61,0.39273497
228,20.96,18.15,23.89,37.0,Au20.96Cu18.15Pd23.89Pt37.00,0.38648635
229,18.7,18.93,26.5,35.87,Au18.70Cu18.93Pd26.50Pt35.87,0.3833056
230,17.5,19.18,27.76,35.56,Au17.50Cu19.18Pd27.76Pt35.56,0.38227302
231,16.03,20.82,28.88,34.27,Au16.03Cu20.82Pd28.88Pt34.27,0.37710863
232,15.5,21.65,31.36,31.49,Au15.50Cu21.65Pd31.36Pt31.49,0.3718036
233,14.08,23.1,32.52,30.29,Au14.08Cu23.10Pd32.52Pt30.29,0.3670193
234,12.6,25.03,33.73,28.65,Au12.60Cu25.03Pd33.73Pt28.65,0.36059242
235,11.53,24.67,36.39,27.41,Au11.53Cu24.67Pd36.39Pt27.41,0.35949457
236,10.35,26.21,38.04,25.4,Au10.35Cu26.21Pd38.04Pt25.40,0.35333315
237,9.78,26.97,38.86,24.39,Au9.78Cu26.97Pd38.86Pt24.39,0.3502461
238,8.89,27.46,41.39,22.26,Au8.89Cu27.46Pd41.39Pt22.26,0.34607083
239,8.01,28.61,42.56,20.82,Au8.01Cu28.61Pd42.56Pt20.82,0.34145588
240,7.04,29.28,44.15,19.54,Au7.04Cu29.28Pd44.15Pt19.54,0.338025
241,28.49,10.92,14.09,46.5,Au28.49Cu10.92Pd14.09Pt46.50,0.41171813
242,27.31,12.7,14.54,45.45,Au27.31Cu12.70Pd14.54Pt45.45,0.40711573
243,25.35,13.21,15.61,45.83,Au25.35Cu13.21Pd15.61Pt45.83,0.4064595
244,24.74,13.92,16.98,44.37,Au24.74Cu13.92Pd16.98Pt44.37,0.4035223
245,23.27,14.94,17.4,44.39,Au23.27Cu14.94Pd17.40Pt44.39,0.40142533
246,21.75,16.28,19.11,42.87,Au21.75Cu16.28Pd19.11Pt42.87,0.39700702
247,20.46,16.07,21.71,41.76,Au20.46Cu16.07Pd21.71Pt41.76,0.39614797
248,18.91,18.25,22.78,40.07,Au18.91Cu18.25Pd22.78Pt40.07,0.38965213
249,16.85,19.64,24.17,39.34,Au16.85Cu19.64Pd24.17Pt39.34,0.3857375
250,17.18,19.7,25.4,37.72,Au17.18Cu19.70Pd25.40Pt37.72,0.38375393
251,14.81,21.08,28.12,35.99,Au14.81Cu21.08Pd28.12Pt35.99,0.37851864
252,13.53,22.48,29.48,34.51,Au13.53Cu22.48Pd29.48Pt34.51,0.37360033
253,12.8,23.67,31.19,32.34,Au12.80Cu23.67Pd31.19Pt32.34,0.36826843
254,11.29,25.33,32.51,30.87,Au11.29Cu25.33Pd32.51Pt30.87,0.36264873
255,11.04,24.76,34.72,29.47,Au11.04Cu24.76Pd34.72Pt29.47,0.3619634
256,9.94,26.74,35.77,27.55,Au9.94Cu26.74Pd35.77Pt27.55,0.35506308
257,8.67,28.09,37.35,25.89,Au8.67Cu28.09Pd37.35Pt25.89,0.3497389
258,8.0,28.51,39.48,24.01,Au8.00Cu28.51Pd39.48Pt24.01,0.3461395
259,7.23,29.94,40.37,22.45,Au7.23Cu29.94Pd40.37Pt22.45,0.34080613
260,26.38,12.09,12.27,49.26,Au26.38Cu12.09Pd12.27Pt49.26,0.41203153
261,24.82,12.11,14.09,48.97,Au24.82Cu12.11Pd14.09Pt48.97,0.41173577
262,23.76,13.18,15.08,47.98,Au23.76Cu13.18Pd15.08Pt47.98,0.40862235
263,21.89,13.99,15.97,48.16,Au21.89Cu13.99Pd15.97Pt48.16,0.40711784
264,21.05,14.46,17.56,46.92,Au21.05Cu14.46Pd17.56Pt46.92,0.40490702
265,19.23,16.78,18.79,45.21,Au19.23Cu16.78Pd18.79Pt45.21,0.39831698
266,18.32,17.1,20.53,44.06,Au18.32Cu17.10Pd20.53Pt44.06,0.39637834
267,16.98,18.12,22.06,42.83,Au16.98Cu18.12Pd22.06Pt42.83,0.39283365
268,15.15,18.96,24.05,41.84,Au15.15Cu18.96Pd24.05Pt41.84,0.38981092
269,14.4,20.45,24.6,40.54,Au14.40Cu20.45Pd24.60Pt40.54,0.3851633
270,13.04,22.89,25.71,38.36,Au13.04Cu22.89Pd25.71Pt38.36,0.37734896
271,12.24,23.97,26.28,37.51,Au12.24Cu23.97Pd26.28Pt37.51,0.3739534
272,12.04,24.54,28.78,34.65,Au12.04Cu24.54Pd28.78Pt34.65,0.36923265
273,10.94,25.15,30.88,33.03,Au10.94Cu25.15Pd30.88Pt33.03,0.36574072
274,9.73,26.76,32.02,31.49,Au9.73Cu26.76Pd32.02Pt31.49,0.36016953
275,9.18,26.52,34.47,29.82,Au9.18Cu26.52Pd34.47Pt29.82,0.3583991
276,8.43,28.32,35.54,27.71,Au8.43Cu28.32Pd35.54Pt27.71,0.35166606
277,7.55,29.53,37.21,25.7,Au7.55Cu29.53Pd37.21Pt25.70,0.34622186
278,6.87,30.62,38.63,23.88,Au6.87Cu30.62Pd38.63Pt23.88,0.34128892
279,22.26,12.25,13.06,52.42,Au22.26Cu12.25Pd13.06Pt52.42,0.41462538
280,21.37,13.62,14.77,50.23,Au21.37Cu13.62Pd14.77Pt50.23,0.4098456
281,20.74,14.24,14.74,50.28,Au20.74Cu14.24Pd14.74Pt50.28,0.40862134
282,18.72,15.8,16.92,48.56,Au18.72Cu15.80Pd16.92Pt48.56,0.403706
283,17.53,16.39,17.96,48.12,Au17.53Cu16.39Pd17.96Pt48.12,0.4019937
284,16.8,18.59,18.22,46.4,Au16.80Cu18.59Pd18.22Pt46.40,0.3956575
285,15.11,18.3,21.04,45.55,Au15.11Cu18.30Pd21.04Pt45.55,0.3952268
286,14.05,20.16,21.78,44.01,Au14.05Cu20.16Pd21.78Pt44.01,0.3896135
287,13.72,20.93,23.4,41.95,Au13.72Cu20.93Pd23.40Pt41.95,0.38568807
288,12.53,22.99,24.02,40.46,Au12.53Cu22.99Pd24.02Pt40.46,0.37952733
289,11.41,23.65,25.9,39.04,Au11.41Cu23.65Pd25.90Pt39.04,0.37633437
290,10.43,25.06,28.13,36.38,Au10.43Cu25.06Pd28.13Pt36.38,0.37002182
291,9.43,26.2,28.58,35.79,Au9.43Cu26.20Pd28.58Pt35.79,0.36672825
292,9.12,27.61,30.02,33.25,Au9.12Cu27.61Pd30.02Pt33.25,0.36050934
293,8.56,28.06,31.99,31.39,Au8.56Cu28.06Pd31.99Pt31.39,0.35708064
294,7.61,28.68,33.76,29.95,Au7.61Cu28.68Pd33.76Pt29.95,0.35371876
295,6.78,30.31,35.45,27.46,Au6.78Cu30.31Pd35.45Pt27.46,0.34679708
296,19.28,14.15,13.57,53.0,Au19.28Cu14.15Pd13.57Pt53.00,0.41127914
297,18.17,16.07,14.28,51.47,Au18.17Cu16.07Pd14.28Pt51.47,0.40593302
298,17.63,16.33,14.74,51.29,Au17.63Cu16.33Pd14.74Pt51.29,0.40520996
299,15.15,17.42,16.54,50.88,Au15.15Cu17.42Pd16.54Pt50.88,0.40244752
300,14.88,17.88,17.88,49.36,Au14.88Cu17.88Pd17.88Pt49.36,0.39999133
301,15.05,19.26,17.96,47.72,Au15.05Cu19.26Pd17.96Pt47.72,0.3954967
302,13.48,19.48,20.63,46.41,Au13.48Cu19.48Pd20.63Pt46.41,0.3935415
303,12.72,21.91,21.55,43.81,Au12.72Cu21.91Pd21.55Pt43.81,0.3855934
304,11.48,22.89,22.63,43.0,Au11.48Cu22.89Pd22.63Pt43.00,0.38249192
305,10.62,24.44,24.19,40.75,Au10.62Cu24.44Pd24.19Pt40.75,0.37655234
306,9.85,25.81,25.64,38.7,Au9.85Cu25.81Pd25.64Pt38.70,0.37113696
307,8.97,25.88,27.67,37.47,Au8.97Cu25.88Pd27.67Pt37.47,0.36938435
308,8.19,27.91,28.88,35.03,Au8.19Cu27.91Pd28.88Pt35.03,0.36194903
309,7.34,29.04,30.23,33.39,Au7.34Cu29.04Pd30.23Pt33.39,0.35733396
310,7.13,30.44,31.33,31.09,Au7.13Cu30.44Pd31.33Pt31.09,0.3513535
311,17.04,14.69,13.5,54.76,Au17.04Cu14.69Pd13.50Pt54.76,0.41169327
312,15.59,15.89,14.29,54.22,Au15.59Cu15.89Pd14.29Pt54.22,0.40871838
313,14.87,16.71,16.41,52.01,Au14.87Cu16.71Pd16.41Pt52.01,0.4049619
314,13.94,18.31,16.96,50.79,Au13.94Cu18.31Pd16.96Pt50.79,0.40044165
315,13.51,18.94,17.81,49.73,Au13.51Cu18.94Pd17.81Pt49.73,0.3980645
316,12.89,20.53,18.83,47.74,Au12.89Cu20.53Pd18.83Pt47.74,0.39268786
317,11.74,21.46,20.72,46.08,Au11.74Cu21.46Pd20.72Pt46.08,0.3888868
318,10.64,23.16,21.48,44.73,Au10.64Cu23.16Pd21.48Pt44.73,0.38373148
319,9.25,24.5,23.2,43.05,Au9.25Cu24.50Pd23.20Pt43.05,0.37886292
320,8.14,26.22,24.56,41.08,Au8.14Cu26.22Pd24.56Pt41.08,0.3728063
321,8.19,27.01,25.73,39.07,Au8.19Cu27.01Pd25.73Pt39.07,0.36877355
322,7.29,28.96,26.46,37.29,Au7.29Cu28.96Pd26.46Pt37.29,0.36231953
323,6.82,30.56,27.82,34.8,Au6.82Cu30.56Pd27.82Pt34.80,0.35573953
324,13.81,16.46,13.44,56.28,Au13.81Cu16.46Pd13.44Pt56.28,0.4092965
325,13.48,16.55,15.23,54.73,Au13.48Cu16.55Pd15.23Pt54.73,0.40771705
326,12.39,18.17,15.61,53.83,Au12.39Cu18.17Pd15.61Pt53.83,0.40350324
327,11.22,20.06,16.75,51.98,Au11.22Cu20.06Pd16.75Pt51.98,0.39775047
328,10.89,21.47,17.48,50.16,Au10.89Cu21.47Pd17.48Pt50.16,0.39298922
329,10.44,21.46,19.33,48.77,Au10.44Cu21.46Pd19.33Pt48.77,0.3915603
330,9.99,23.42,20.3,46.28,Au9.99Cu23.42Pd20.30Pt46.28,0.3847793
331,8.69,26.34,20.52,44.45,Au8.69Cu26.34Pd20.52Pt44.45,0.37641525
332,8.69,26.61,21.95,42.76,Au8.69Cu26.61Pd21.95Pt42.76,0.37395903
333,7.67,27.29,24.11,40.93,Au7.67Cu27.29Pd24.11Pt40.93,0.37027496
334,7.09,29.08,24.46,39.36,Au7.09Cu29.08Pd24.46Pt39.36,0.364498
335,11.33,17.67,14.84,56.16,Au11.33Cu17.67Pd14.84Pt56.16,0.40656722
336,10.94,20.02,15.33,53.71,Au10.94Cu20.02Pd15.33Pt53.71,0.3994547
337,10.15,20.98,16.58,52.29,Au10.15Cu20.98Pd16.58Pt52.29,0.39603806
338,9.22,22.9,17.5,50.37,Au9.22Cu22.90Pd17.50Pt50.37,0.39002693
339,8.65,23.85,18.28,49.22,Au8.65Cu23.85Pd18.28Pt49.22,0.38679183
340,8.15,24.36,19.92,47.57,Au8.15Cu24.36Pd19.92Pt47.57,0.38394082
341,8.11,26.77,20.33,44.78,Au8.11Cu26.77Pd20.33Pt44.78,0.37578136
