Au,Pd,Pt,Rh,Ru,Composition,Similarity_to_resistance
17.84,8.21,6.45,40.62,26.88,Au17.84Pd8.21Pt6.45Rh40.62Ru26.88,0.5279136
19.46,8.67,6.0,39.02,26.85,Au19.46Pd8.67Pt6.00Rh39.02Ru26.85,0.5253791
20.72,9.42,6.14,36.69,27.03,Au20.72Pd9.42Pt6.14Rh36.69Ru27.03,0.52405787
23.11,9.87,6.17,33.8,27.06,Au23.11Pd9.87Pt6.17Rh33.80Ru27.06,0.5208646
24.77,9.99,5.64,31.85,27.75,Au24.77Pd9.99Pt5.64Rh31.85Ru27.75,0.5195811
26.82,11.61,5.34,29.06,27.18,Au26.82Pd11.61Pt5.34Rh29.06Ru27.18,0.5149207
28.55,12.22,5.09,26.99,27.15,Au28.55Pd12.22Pt5.09Rh26.99Ru27.15,0.5120455
31.2,12.36,4.65,24.89,26.91,Au31.20Pd12.36Pt4.65Rh24.89Ru26.91,0.50739986
32.4,13.46,4.42,22.5,27.21,Au32.40Pd13.46Pt4.42Rh22.50Ru27.21,0.5056958
34.55,13.49,4.31,20.57,27.08,Au34.55Pd13.49Pt4.31Rh20.57Ru27.08,0.50214267
36.23,14.57,3.97,18.16,27.06,Au36.23Pd14.57Pt3.97Rh18.16Ru27.06,0.49893665
16.73,7.53,7.9,42.66,25.19,Au16.73Pd7.53Pt7.90Rh42.66Ru25.19,0.52709866
18.56,8.38,7.12,40.9,25.05,Au18.56Pd8.38Pt7.12Rh40.90Ru25.05,0.5237495
19.31,9.95,7.32,38.24,25.19,Au19.31Pd9.95Pt7.32Rh38.24Ru25.19,0.5228869
21.62,10.07,6.8,34.95,26.56,Au21.62Pd10.07Pt6.80Rh34.95Ru26.56,0.52224743
23.77,10.77,6.66,33.06,25.74,Au23.77Pd10.77Pt6.66Rh33.06Ru25.74,0.5173955
25.65,11.8,6.23,30.48,25.84,Au25.65Pd11.80Pt6.23Rh30.48Ru25.84,0.51439625
27.17,12.3,6.19,28.05,26.28,Au27.17Pd12.30Pt6.19Rh28.05Ru26.28,0.5129525
28.91,13.18,6.07,25.17,26.67,Au28.91Pd13.18Pt6.07Rh25.17Ru26.67,0.5108453
30.66,14.21,5.3,24.16,25.68,Au30.66Pd14.21Pt5.30Rh24.16Ru25.68,0.5054416
32.29,14.3,4.91,22.26,26.24,Au32.29Pd14.30Pt4.91Rh22.26Ru26.24,0.5038933
34.61,14.73,4.83,19.55,26.29,Au34.61Pd14.73Pt4.83Rh19.55Ru26.29,0.5002862
36.09,15.22,4.23,18.51,25.95,Au36.09Pd15.22Pt4.23Rh18.51Ru25.95,0.49679852
38.0,16.17,3.58,16.69,25.56,Au38.00Pd16.17Pt3.58Rh16.69Ru25.56,0.4922975
15.44,8.19,8.7,43.83,23.83,Au15.44Pd8.19Pt8.70Rh43.83Ru23.83,0.52632713
17.05,9.22,8.66,41.11,23.96,Au17.05Pd9.22Pt8.66Rh41.11Ru23.96,0.52436894
18.21,9.78,8.52,38.48,25.02,Au18.21Pd9.78Pt8.52Rh38.48Ru25.02,0.5248747
19.9,10.38,8.03,37.17,24.52,Au19.90Pd10.38Pt8.03Rh37.17Ru24.52,0.52113646
22.09,10.89,7.69,34.42,24.9,Au22.09Pd10.89Pt7.69Rh34.42Ru24.90,0.51862836
23.46,11.95,7.73,31.9,24.96,Au23.46Pd11.95Pt7.73Rh31.90Ru24.96,0.51658463
25.43,12.48,7.44,30.08,24.57,Au25.43Pd12.48Pt7.44Rh30.08Ru24.57,0.5126592
28.04,13.0,6.78,27.86,24.33,Au28.04Pd13.00Pt6.78Rh27.86Ru24.33,0.5078213
28.9,13.75,6.92,25.33,25.1,Au28.90Pd13.75Pt6.92Rh25.33Ru25.10,0.50798756
31.04,14.15,6.31,23.44,25.06,Au31.04Pd14.15Pt6.31Rh23.44Ru25.06,0.50423044
32.86,15.51,5.84,21.18,24.6,Au32.86Pd15.51Pt5.84Rh21.18Ru24.60,0.49974567
34.86,16.67,5.33,19.12,24.03,Au34.86Pd16.67Pt5.33Rh19.12Ru24.03,0.49474257
35.78,17.13,5.18,17.45,24.46,Au35.78Pd17.13Pt5.18Rh17.45Ru24.46,0.4939516
38.52,17.62,4.59,15.98,23.28,Au38.52Pd17.62Pt4.59Rh15.98Ru23.28,0.4866451
40.09,18.39,4.64,13.84,23.04,Au40.09Pd18.39Pt4.64Rh13.84Ru23.04,0.4833522
14.01,8.64,10.01,45.21,22.13,Au14.01Pd8.64Pt10.01Rh45.21Ru22.13,0.5253222
15.45,9.55,9.95,42.99,22.05,Au15.45Pd9.55Pt9.95Rh42.99Ru22.05,0.5231557
17.28,10.14,9.75,39.38,23.46,Au17.28Pd10.14Pt9.75Rh39.38Ru23.46,0.5236013
18.47,10.8,9.38,38.07,23.3,Au18.47Pd10.80Pt9.38Rh38.07Ru23.30,0.5212823
20.4,11.08,8.82,35.85,23.85,Au20.40Pd11.08Pt8.82Rh35.85Ru23.85,0.5194298
21.8,12.11,9.19,33.08,23.81,Au21.80Pd12.11Pt9.19Rh33.08Ru23.81,0.51738685
23.97,12.89,8.68,31.27,23.2,Au23.97Pd12.89Pt8.68Rh31.27Ru23.20,0.51249206
25.54,13.36,7.89,29.27,23.93,Au25.54Pd13.36Pt7.89Rh29.27Ru23.93,0.51115686
27.71,14.41,7.77,26.66,23.45,Au27.71Pd14.41Pt7.77Rh26.66Ru23.45,0.5065576
29.62,15.71,7.15,23.72,23.8,Au29.62Pd15.71Pt7.15Rh23.72Ru23.80,0.50362015
30.86,16.04,7.17,22.24,23.69,Au30.86Pd16.04Pt7.17Rh22.24Ru23.69,0.501411
33.41,16.2,6.57,20.27,23.55,Au33.41Pd16.20Pt6.57Rh20.27Ru23.55,0.49683836
34.72,17.49,6.45,18.55,22.79,Au34.72Pd17.49Pt6.45Rh18.55Ru22.79,0.49260202
35.9,18.48,5.6,16.99,23.03,Au35.90Pd18.48Pt5.60Rh16.99Ru23.03,0.49040002
37.1,19.31,5.79,14.83,22.97,Au37.10Pd19.31Pt5.79Rh14.83Ru22.97,0.48813367
38.63,20.11,4.8,14.03,22.43,Au38.63Pd20.11Pt4.80Rh14.03Ru22.43,0.4836774
41.38,20.3,4.55,12.15,21.63,Au41.38Pd20.30Pt4.55Rh12.15Ru21.63,0.47733927
13.06,9.59,11.47,46.19,19.68,Au13.06Pd9.59Pt11.47Rh46.19Ru19.68,0.5219085
14.5,10.08,11.77,43.22,20.43,Au14.50Pd10.08Pt11.77Rh43.22Ru20.43,0.52197087
16.07,10.0,11.11,41.54,21.28,Au16.07Pd10.00Pt11.11Rh41.54Ru21.28,0.5214211
17.32,10.32,10.78,39.65,21.94,Au17.32Pd10.32Pt10.78Rh39.65Ru21.94,0.5209495
18.59,11.53,10.77,36.49,22.61,Au18.59Pd11.53Pt10.77Rh36.49Ru22.61,0.5204033
20.64,12.02,10.28,34.67,22.39,Au20.64Pd12.02Pt10.28Rh34.67Ru22.39,0.5166863
21.58,13.25,10.5,32.25,22.42,Au21.58Pd13.25Pt10.50Rh32.25Ru22.42,0.5152017
24.27,13.77,9.55,29.95,22.46,Au24.27Pd13.77Pt9.55Rh29.95Ru22.46,0.51072603
25.89,14.11,9.63,27.01,23.36,Au25.89Pd14.11Pt9.63Rh27.01Ru23.36,0.5102186
28.05,16.03,8.8,25.0,22.13,Au28.05Pd16.03Pt8.80Rh25.00Ru22.13,0.50322294
29.31,16.2,8.27,23.42,22.79,Au29.31Pd16.20Pt8.27Rh23.42Ru22.79,0.50239044
31.45,17.09,7.95,20.92,22.59,Au31.45Pd17.09Pt7.95Rh20.92Ru22.59,0.4981863
32.95,17.96,7.35,20.0,21.75,Au32.95Pd17.96Pt7.35Rh20.00Ru21.75,0.49338254
34.66,18.41,6.83,17.98,22.13,Au34.66Pd18.41Pt6.83Rh17.98Ru22.13,0.49108893
36.03,19.95,6.56,15.72,21.74,Au36.03Pd19.95Pt6.56Rh15.72Ru21.74,0.48728305
37.84,21.07,6.13,13.74,21.21,Au37.84Pd21.07Pt6.13Rh13.74Ru21.21,0.48253435
39.57,21.36,5.38,13.16,20.53,Au39.57Pd21.36Pt5.38Rh13.16Ru20.53,0.47774905
41.15,22.05,5.12,11.63,20.05,Au41.15Pd22.05Pt5.12Rh11.63Ru20.05,0.47369188
41.7,22.83,4.53,10.75,20.19,Au41.70Pd22.83Pt4.53Rh10.75Ru20.19,0.4724543
13.51,10.08,12.68,44.18,19.54,Au13.51Pd10.08Pt12.68Rh44.18Ru19.54,0.5218507
14.74,9.51,13.0,42.48,20.27,Au14.74Pd9.51Pt13.00Rh42.48Ru20.27,0.5223012
15.71,11.15,12.65,39.83,20.66,Au15.71Pd11.15Pt12.65Rh39.83Ru20.66,0.52129817
17.45,11.47,12.23,37.77,21.08,Au17.45Pd11.47Pt12.23Rh37.77Ru21.08,0.5195662
18.22,12.48,12.57,35.82,20.92,Au18.22Pd12.48Pt12.57Rh35.82Ru20.92,0.5180962
21.01,13.32,11.78,32.96,20.92,Au21.01Pd13.32Pt11.78Rh32.96Ru20.92,0.513494
22.34,13.51,11.38,31.61,21.16,Au22.34Pd13.51Pt11.38Rh31.61Ru21.16,0.5118371
23.55,15.09,11.32,28.75,21.28,Au23.55Pd15.09Pt11.32Rh28.75Ru21.28,0.50977373
25.99,15.71,10.57,26.36,21.37,Au25.99Pd15.71Pt10.57Rh26.36Ru21.37,0.50574416
27.42,16.88,9.92,24.28,21.5,Au27.42Pd16.88Pt9.92Rh24.28Ru21.50,0.50308585
29.22,17.5,9.14,22.33,21.81,Au29.22Pd17.50Pt9.14Rh22.33Ru21.81,0.5003733
31.54,18.97,9.12,19.85,20.51,Au31.54Pd18.97Pt9.12Rh19.85Ru20.51,0.4933495
32.54,19.48,8.73,18.61,20.63,Au32.54Pd19.48Pt8.73Rh18.61Ru20.63,0.4916407
33.96,19.69,7.98,17.49,20.88,Au33.96Pd19.69Pt7.98Rh17.49Ru20.88,0.4894992
36.24,21.66,7.42,15.27,19.41,Au36.24Pd21.66Pt7.42Rh15.27Ru19.41,0.48145592
37.26,22.8,7.04,13.62,19.28,Au37.26Pd22.80Pt7.04Rh13.62Ru19.28,0.4788224
37.96,23.26,6.21,12.77,19.81,Au37.96Pd23.26Pt6.21Rh12.77Ru19.81,0.47826242
40.38,23.83,5.62,11.24,18.92,Au40.38Pd23.83Pt5.62Rh11.24Ru18.92,0.4717949
41.24,24.96,4.96,10.41,18.43,Au41.24Pd24.96Pt4.96Rh10.41Ru18.43,0.4684077
12.31,9.43,14.73,45.01,18.51,Au12.31Pd9.43Pt14.73Rh45.01Ru18.51,0.52255666
13.24,9.8,14.8,43.43,18.73,Au13.24Pd9.80Pt14.80Rh43.43Ru18.73,0.52186036
14.37,10.49,14.73,41.09,19.31,Au14.37Pd10.49Pt14.73Rh41.09Ru19.31,0.5215338
16.03,11.53,14.43,39.18,18.84,Au16.03Pd11.53Pt14.43Rh39.18Ru18.84,0.51780224
17.18,12.14,14.01,37.07,19.61,Au17.18Pd12.14Pt14.01Rh37.07Ru19.61,0.5175737
18.86,13.35,13.86,34.45,19.47,Au18.86Pd13.35Pt13.86Rh34.45Ru19.47,0.51449054
20.1,14.24,13.69,31.54,20.44,Au20.10Pd14.24Pt13.69Rh31.54Ru20.44,0.5145005
22.23,14.16,12.82,30.78,20.02,Au22.23Pd14.16Pt12.82Rh30.78Ru20.02,0.51007324
23.75,15.86,12.59,27.81,20.0,Au23.75Pd15.86Pt12.59Rh27.81Ru20.00,0.50707144
25.85,17.61,11.59,25.26,19.69,Au25.85Pd17.61Pt11.59Rh25.26Ru19.69,0.50205326
27.01,17.77,11.41,23.79,20.02,Au27.01Pd17.77Pt11.41Rh23.79Ru20.02,0.5008814
28.81,18.62,11.04,21.57,19.97,Au28.81Pd18.62Pt11.04Rh21.57Ru19.97,0.49748585
31.06,19.88,9.9,19.73,19.43,Au31.06Pd19.88Pt9.90Rh19.73Ru19.43,0.49169242
32.81,21.36,9.66,17.3,18.86,Au32.81Pd21.36Pt9.66Rh17.30Ru18.86,0.48689264
33.79,22.2,8.68,16.82,18.51,Au33.79Pd22.20Pt8.68Rh16.82Ru18.51,0.48367977
35.46,23.06,8.41,14.23,18.85,Au35.46Pd23.06Pt8.41Rh14.23Ru18.85,0.481281
37.36,23.83,7.57,12.72,18.52,Au37.36Pd23.83Pt7.57Rh12.72Ru18.52,0.47671914
37.91,25.12,6.74,12.17,18.06,Au37.91Pd25.12Pt6.74Rh12.17Ru18.06,0.4737451
39.46,26.01,6.54,10.8,17.19,Au39.46Pd26.01Pt6.54Rh10.80Ru17.19,0.46871018
41.54,26.43,5.66,9.37,16.99,Au41.54Pd26.43Pt5.66Rh9.37Ru16.99,0.46423048
41.74,26.54,5.34,9.28,17.11,Au41.74Pd26.54Pt5.34Rh9.28Ru17.11,0.4639763
12.42,10.1,16.13,44.21,17.15,Au12.42Pd10.10Pt16.13Rh44.21Ru17.15,0.5200112
13.59,10.68,16.39,42.12,17.22,Au13.59Pd10.68Pt16.39Rh42.12Ru17.22,0.5187009
14.53,11.59,16.33,39.7,17.85,Au14.53Pd11.59Pt16.33Rh39.70Ru17.85,0.5186683
15.75,12.57,16.02,37.79,17.88,Au15.75Pd12.57Pt16.02Rh37.79Ru17.88,0.5166334
16.94,13.26,16.07,34.94,18.79,Au16.94Pd13.26Pt16.07Rh34.94Ru18.79,0.5168923
19.13,14.21,15.51,32.78,18.38,Au19.13Pd14.21Pt15.51Rh32.78Ru18.38,0.512265
20.23,14.59,14.83,31.27,19.1,Au20.23Pd14.59Pt14.83Rh31.27Ru19.10,0.51182616
21.82,15.86,14.59,29.04,18.69,Au21.82Pd15.86Pt14.59Rh29.04Ru18.69,0.50801194
23.57,16.79,14.45,26.15,19.05,Au23.57Pd16.79Pt14.45Rh26.15Ru19.05,0.50579655
25.61,18.09,13.14,24.53,18.63,Au25.61Pd18.09Pt13.14Rh24.53Ru18.63,0.5006261
27.63,19.03,12.85,22.2,18.28,Au27.63Pd19.03Pt12.85Rh22.20Ru18.28,0.4962154
29.11,20.13,11.87,20.37,18.52,Au29.11Pd20.13Pt11.87Rh20.37Ru18.52,0.49352717
30.66,20.38,11.28,18.8,18.88,Au30.66Pd20.38Pt11.28Rh18.80Ru18.88,0.49153507
32.22,21.93,10.45,17.3,18.1,Au32.22Pd21.93Pt10.45Rh17.30Ru18.10,0.4862195
33.73,23.45,9.96,15.42,17.43,Au33.73Pd23.45Pt9.96Rh15.42Ru17.43,0.48134807
35.3,24.37,9.12,13.6,17.61,Au35.30Pd24.37Pt9.12Rh13.60Ru17.61,0.47842464
36.51,25.73,8.58,12.04,17.15,Au36.51Pd25.73Pt8.58Rh12.04Ru17.15,0.47450882
37.62,26.23,8.37,11.13,16.65,Au37.62Pd26.23Pt8.37Rh11.13Ru16.65,0.47121412
39.12,27.32,6.93,10.58,16.06,Au39.12Pd27.32Pt6.93Rh10.58Ru16.06,0.4661584
40.64,27.99,6.6,8.91,15.86,Au40.64Pd27.99Pt6.60Rh8.91Ru15.86,0.46273598
41.92,28.81,6.04,7.77,15.46,Au41.92Pd28.81Pt6.04Rh7.77Ru15.46,0.45902145
12.03,10.85,18.24,42.21,16.67,Au12.03Pd10.85Pt18.24Rh42.21Ru16.67,0.52052575
13.52,11.78,18.54,39.54,16.62,Au13.52Pd11.78Pt18.54Rh39.54Ru16.62,0.5183581
15.04,12.8,18.19,37.5,16.46,Au15.04Pd12.80Pt18.19Rh37.50Ru16.46,0.5154302
15.37,13.78,18.29,35.25,17.31,Au15.37Pd13.78Pt18.29Rh35.25Ru17.31,0.51669455
16.88,14.4,17.84,33.36,17.52,Au16.88Pd14.40Pt17.84Rh33.36Ru17.52,0.5146222
18.25,15.6,17.23,31.5,17.43,Au18.25Pd15.60Pt17.23Rh31.50Ru17.43,0.5117364
19.83,16.69,17.12,29.1,17.26,Au19.83Pd16.69Pt17.12Rh29.10Ru17.26,0.5085888
21.6,17.02,16.37,27.25,17.76,Au21.60Pd17.02Pt16.37Rh27.25Ru17.76,0.50663686
23.91,17.95,16.09,24.77,17.28,Au23.91Pd17.95Pt16.09Rh24.77Ru17.28,0.50156546
24.67,19.78,14.74,23.09,17.73,Au24.67Pd19.78Pt14.74Rh23.09Ru17.73,0.50005025
26.87,20.31,14.05,21.62,17.14,Au26.87Pd20.31Pt14.05Rh21.62Ru17.14,0.49478322
28.76,20.92,13.52,19.7,17.11,Au28.76Pd20.92Pt13.52Rh19.70Ru17.11,0.49126777
30.28,22.92,12.95,16.74,17.11,Au30.28Pd22.92Pt12.95Rh16.74Ru17.11,0.48769832
32.08,24.01,11.63,15.27,17.01,Au32.08Pd24.01Pt11.63Rh15.27Ru17.01,0.48351145
33.33,24.3,11.6,14.64,16.12,Au33.33Pd24.30Pt11.60Rh14.64Ru16.12,0.47930127
34.02,25.66,10.02,13.97,16.32,Au34.02Pd25.66Pt10.02Rh13.97Ru16.32,0.47727168
35.93,27.33,9.63,11.41,15.7,Au35.93Pd27.33Pt9.63Rh11.41Ru15.70,0.47175297
37.33,27.99,8.82,10.65,15.21,Au37.33Pd27.99Pt8.82Rh10.65Ru15.21,0.4676235
37.86,28.55,8.78,9.62,15.19,Au37.86Pd28.55Pt8.78Rh9.62Ru15.19,0.46642292
39.69,30.62,7.37,8.5,13.82,Au39.69Pd30.62Pt7.37Rh8.50Ru13.82,0.4584248
39.91,30.98,6.38,8.85,13.88,Au39.91Pd30.98Pt6.38Rh8.85Ru13.88,0.45751792
12.18,11.18,21.18,40.78,14.68,Au12.18Pd11.18Pt21.18Rh40.78Ru14.68,0.51708484
12.9,11.6,20.3,39.2,16.0,Au12.90Pd11.60Pt20.30Rh39.20Ru16.00,0.51871204
15.01,12.75,20.21,36.17,15.86,Au15.01Pd12.75Pt20.21Rh36.17Ru15.86,0.5150858
15.49,13.73,20.59,34.42,15.77,Au15.49Pd13.73Pt20.59Rh34.42Ru15.77,0.5140563
17.22,15.2,19.6,31.41,16.58,Au17.22Pd15.20Pt19.60Rh31.41Ru16.58,0.51250345
17.92,16.75,19.5,29.67,16.17,Au17.92Pd16.75Pt19.50Rh29.67Ru16.17,0.50991094
19.67,17.34,18.59,27.88,16.51,Au19.67Pd17.34Pt18.59Rh27.88Ru16.51,0.5074973
21.44,17.91,18.14,26.14,16.37,Au21.44Pd17.91Pt18.14Rh26.14Ru16.37,0.50410604
23.53,18.84,17.42,23.7,16.5,Au23.53Pd18.84Pt17.42Rh23.70Ru16.50,0.5005418
24.14,20.51,16.32,21.7,17.32,Au24.14Pd20.51Pt16.32Rh21.70Ru17.32,0.5002837
26.25,21.85,15.66,20.07,16.17,Au26.25Pd21.85Pt15.66Rh20.07Ru16.17,0.4935099
27.85,22.66,14.79,18.69,16.02,Au27.85Pd22.66Pt14.79Rh18.69Ru16.02,0.4899213
29.58,23.92,14.32,16.92,15.26,Au29.58Pd23.92Pt14.32Rh16.92Ru15.26,0.4846203
31.13,25.39,13.04,15.06,15.37,Au31.13Pd25.39Pt13.04Rh15.06Ru15.37,0.48115268
31.97,26.88,12.1,13.78,15.27,Au31.97Pd26.88Pt12.10Rh13.78Ru15.27,0.47842568
34.4,27.52,11.6,11.92,14.56,Au34.40Pd27.52Pt11.60Rh11.92Ru14.56,0.47231406
35.82,27.85,10.89,10.89,14.55,Au35.82Pd27.85Pt10.89Rh10.89Ru14.55,0.46952116
36.43,29.99,9.7,9.97,13.91,Au36.43Pd29.99Pt9.70Rh9.97Ru13.91,0.46535614
37.78,30.91,9.15,8.83,13.33,Au37.78Pd30.91Pt9.15Rh8.83Ru13.33,0.4610401
38.6,31.66,8.37,8.69,12.68,Au38.60Pd31.66Pt8.37Rh8.69Ru12.68,0.45735374
40.68,32.54,7.27,6.87,12.64,Au40.68Pd32.54Pt7.27Rh6.87Ru12.64,0.45290142
12.37,11.56,23.12,39.66,13.29,Au12.37Pd11.56Pt23.12Rh39.66Ru13.29,0.51426446
13.37,12.19,22.81,36.68,14.95,Au13.37Pd12.19Pt22.81Rh36.68Ru14.95,0.516576
13.87,14.26,23.12,34.01,14.74,Au13.87Pd14.26Pt23.12Rh34.01Ru14.74,0.51482606
15.0,14.81,22.31,32.58,15.3,Au15.00Pd14.81Pt22.31Rh32.58Ru15.30,0.51400733
16.55,16.01,21.98,30.6,14.86,Au16.55Pd16.01Pt21.98Rh30.60Ru14.86,0.5101541
17.7,17.03,20.7,28.55,16.03,Au17.70Pd17.03Pt20.70Rh28.55Ru16.03,0.51028454
19.31,18.84,20.46,26.02,15.37,Au19.31Pd18.84Pt20.46Rh26.02Ru15.37,0.50552326
21.35,18.56,19.95,24.63,15.52,Au21.35Pd18.56Pt19.95Rh24.63Ru15.52,0.50271213
21.68,20.35,19.43,22.52,16.01,Au21.68Pd20.35Pt19.43Rh22.52Ru16.01,0.5023493
24.17,21.98,18.58,20.39,14.88,Au24.17Pd21.98Pt18.58Rh20.39Ru14.88,0.49483362
25.42,22.3,17.35,19.5,15.43,Au25.42Pd22.30Pt17.35Rh19.50Ru15.43,0.49355215
27.55,24.03,16.42,17.27,14.73,Au27.55Pd24.03Pt16.42Rh17.27Ru14.73,0.48738232
28.97,25.72,15.49,15.88,13.94,Au28.97Pd25.72Pt15.49Rh15.88Ru13.94,0.48206326
30.2,27.04,14.48,14.48,13.79,Au30.20Pd27.04Pt14.48Rh14.48Ru13.79,0.47867128
32.39,27.86,13.54,12.75,13.46,Au32.39Pd27.86Pt13.54Rh12.75Ru13.46,0.47357267
32.72,29.38,13.2,11.57,13.13,Au32.72Pd29.38Pt13.20Rh11.57Ru13.13,0.4713199
34.45,29.89,11.86,10.42,13.38,Au34.45Pd29.89Pt11.86Rh10.42Ru13.38,0.46830022
35.53,31.93,10.46,9.31,12.77,Au35.53Pd31.93Pt10.46Rh9.31Ru12.77,0.46337712
36.31,32.41,10.07,8.77,12.43,Au36.31Pd32.41Pt10.07Rh8.77Ru12.43,0.46085224
37.72,32.93,9.21,8.16,11.98,Au37.72Pd32.93Pt9.21Rh8.16Ru11.98,0.45679384
38.83,34.09,8.12,7.11,11.84,Au38.83Pd34.09Pt8.12Rh7.11Ru11.84,0.45350927
11.52,13.71,25.81,36.87,12.1,Au11.52Pd13.71Pt25.81Rh36.87Ru12.10,0.5130099
12.42,14.15,25.31,34.46,13.67,Au12.42Pd14.15Pt25.31Rh34.46Ru13.67,0.5152159
13.66,14.38,25.16,32.97,13.84,Au13.66Pd14.38Pt25.16Rh32.97Ru13.84,0.5137093
14.75,15.9,24.52,30.94,13.89,Au14.75Pd15.90Pt24.52Rh30.94Ru13.89,0.5114662
16.47,16.72,24.04,28.37,14.39,Au16.47Pd16.72Pt24.04Rh28.37Ru14.39,0.5096222
17.54,18.27,23.51,26.63,14.05,Au17.54Pd18.27Pt23.51Rh26.63Ru14.05,0.5064126
18.38,19.6,22.74,24.91,14.37,Au18.38Pd19.60Pt22.74Rh24.91Ru14.37,0.5050657
20.23,20.68,22.2,22.65,14.23,Au20.23Pd20.68Pt22.20Rh22.65Ru14.23,0.5012557
22.0,21.48,21.31,20.79,14.41,Au22.00Pd21.48Pt21.31Rh20.79Ru14.41,0.49828345
23.29,22.78,19.94,19.51,14.48,Au23.29Pd22.78Pt19.94Rh19.51Ru14.48,0.49536866
24.77,24.08,19.34,17.05,14.76,Au24.77Pd24.08Pt19.34Rh17.05Ru14.76,0.49285537
27.4,25.86,18.49,15.5,12.76,Au27.40Pd25.86Pt18.49Rh15.50Ru12.76,0.48280025
28.48,26.72,16.58,14.17,14.04,Au28.48Pd26.72Pt16.58Rh14.17Ru14.04,0.4829904
29.17,28.52,15.8,13.2,13.31,Au29.17Pd28.52Pt15.80Rh13.20Ru13.31,0.47893095
30.78,29.02,15.12,11.8,13.29,Au30.78Pd29.02Pt15.12Rh11.80Ru13.29,0.47578675
31.87,30.12,14.57,10.93,12.52,Au31.87Pd30.12Pt14.57Rh10.93Ru12.52,0.47138897
33.4,31.38,12.85,9.85,12.52,Au33.40Pd31.38Pt12.85Rh9.85Ru12.52,0.4675469
34.62,32.5,12.04,9.61,11.23,Au34.62Pd32.50Pt12.04Rh9.61Ru11.23,0.46146575
35.97,34.05,11.07,8.07,10.84,Au35.97Pd34.05Pt11.07Rh8.07Ru10.84,0.4570591
36.49,34.5,9.91,7.56,11.55,Au36.49Pd34.50Pt9.91Rh7.56Ru11.55,0.4572098
38.07,35.37,9.36,6.5,10.71,Au38.07Pd35.37Pt9.36Rh6.50Ru10.71,0.45184964
11.65,13.59,27.83,34.41,12.51,Au11.65Pd13.59Pt27.83Rh34.41Ru12.51,0.51457083
12.29,14.2,27.45,33.41,12.65,Au12.29Pd14.20Pt27.45Rh33.41Ru12.65,0.51365745
14.03,15.36,27.39,30.9,12.32,Au14.03Pd15.36Pt27.39Rh30.90Ru12.32,0.50988376
14.46,16.39,27.31,29.32,12.53,Au14.46Pd16.39Pt27.31Rh29.32Ru12.53,0.50932866
15.57,17.03,27.69,27.05,12.66,Au15.57Pd17.03Pt27.69Rh27.05Ru12.66,0.5078156
16.99,18.65,25.98,25.73,12.66,Au16.99Pd18.65Pt25.98Rh25.73Ru12.66,0.50453466
18.99,19.7,24.93,23.16,13.22,Au18.99Pd19.70Pt24.93Rh23.16Ru13.22,0.502048
19.64,21.36,24.18,21.52,13.3,Au19.64Pd21.36Pt24.18Rh21.52Ru13.30,0.50025904
20.29,22.68,23.36,20.72,12.96,Au20.29Pd22.68Pt23.36Rh20.72Ru12.96,0.4975927
22.69,23.71,22.14,18.36,13.1,Au22.69Pd23.71Pt22.14Rh18.36Ru13.10,0.49331394
24.19,26.11,20.28,16.9,12.52,Au24.19Pd26.11Pt20.28Rh16.90Ru12.52,0.48779047
25.22,27.22,19.71,15.51,12.34,Au25.22Pd27.22Pt19.71Rh15.51Ru12.34,0.4849715
27.83,27.35,19.05,13.6,12.17,Au27.83Pd27.35Pt19.05Rh13.60Ru12.17,0.48012045
28.56,29.62,17.71,12.28,11.83,Au28.56Pd29.62Pt17.71Rh12.28Ru11.83,0.47647327
30.17,30.3,16.61,11.23,11.69,Au30.17Pd30.30Pt16.61Rh11.23Ru11.69,0.47279173
31.11,30.96,15.79,10.6,11.53,Au31.11Pd30.96Pt15.79Rh10.60Ru11.53,0.47022653
32.1,33.06,13.94,9.56,11.34,Au32.10Pd33.06Pt13.94Rh9.56Ru11.34,0.4662999
33.28,34.51,12.61,8.92,10.68,Au33.28Pd34.51Pt12.61Rh8.92Ru10.68,0.46141738
35.15,35.36,12.31,7.14,10.04,Au35.15Pd35.36Pt12.31Rh7.14Ru10.04,0.4562275
35.69,35.9,10.94,7.29,10.17,Au35.69Pd35.90Pt10.94Rh7.29Ru10.17,0.45476398
36.4,37.27,9.79,6.89,9.64,Au36.40Pd37.27Pt9.79Rh6.89Ru9.64,0.45098984
12.5,14.46,30.68,30.79,11.57,Au12.50Pd14.46Pt30.68Rh30.79Ru11.57,0.5115153
12.99,17.09,29.38,28.95,11.6,Au12.99Pd17.09Pt29.38Rh28.95Ru11.60,0.5095344
14.3,17.4,28.96,27.32,12.02,Au14.30Pd17.40Pt28.96Rh27.32Ru12.02,0.50835586
15.38,18.02,28.92,25.56,12.12,Au15.38Pd18.02Pt28.92Rh25.56Ru12.12,0.5066881
16.59,20.15,27.83,23.14,12.3,Au16.59Pd20.15Pt27.83Rh23.14Ru12.30,0.5040748
17.66,21.53,27.17,22.04,11.61,Au17.66Pd21.53Pt27.17Rh22.04Ru11.61,0.50000197
18.64,22.75,26.51,19.86,12.25,Au18.64Pd22.75Pt26.51Rh19.86Ru12.25,0.49925387
20.78,24.23,24.38,18.75,11.85,Au20.78Pd24.23Pt24.38Rh18.75Ru11.85,0.49371284
22.03,25.6,23.91,16.66,11.8,Au22.03Pd25.60Pt23.91Rh16.66Ru11.80,0.49080724
23.36,26.64,22.88,15.2,11.92,Au23.36Pd26.64Pt22.88Rh15.20Ru11.92,0.4881718
24.41,28.04,21.41,14.77,11.37,Au24.41Pd28.04Pt21.41Rh14.77Ru11.37,0.48403236
25.89,29.54,20.39,13.32,10.86,Au25.89Pd29.54Pt20.39Rh13.32Ru10.86,0.47932738
27.43,30.8,19.2,12.07,10.5,Au27.43Pd30.80Pt19.20Rh12.07Ru10.50,0.4749209
29.24,31.81,18.0,10.43,10.51,Au29.24Pd31.81Pt18.00Rh10.43Ru10.51,0.47108072
29.9,32.48,16.86,9.88,10.88,Au29.90Pd32.48Pt16.86Rh9.88Ru10.88,0.47015563
30.56,34.51,15.21,8.89,10.83,Au30.56Pd34.51Pt15.21Rh8.89Ru10.83,0.4672204
32.35,35.52,14.52,8.03,9.58,Au32.35Pd35.52Pt14.52Rh8.03Ru9.58,0.46041876
33.31,36.26,13.45,7.3,9.68,Au33.31Pd36.26Pt13.45Rh7.30Ru9.68,0.4582722
34.9,37.93,12.35,6.29,8.53,Au34.90Pd37.93Pt12.35Rh6.29Ru8.53,0.45141056
11.99,14.39,32.86,29.66,11.1,Au11.99Pd14.39Pt32.86Rh29.66Ru11.10,0.5115992
12.91,16.3,32.28,27.13,11.38,Au12.91Pd16.30Pt32.28Rh27.13Ru11.38,0.5100322
13.39,18.09,31.48,25.74,11.3,Au13.39Pd18.09Pt31.48Rh25.74Ru11.30,0.5082233
14.56,18.6,30.28,24.44,12.11,Au14.56Pd18.60Pt30.28Rh24.44Ru12.11,0.5079216
15.52,20.82,30.27,22.2,11.19,Au15.52Pd20.82Pt30.27Rh22.20Ru11.19,0.5032617
16.59,22.71,28.91,20.61,11.18,Au16.59Pd22.71Pt28.91Rh20.61Ru11.18,0.50042725
18.25,24.59,28.11,19.11,9.94,Au18.25Pd24.59Pt28.11Rh19.11Ru9.94,0.4937794
19.68,25.4,26.98,17.14,10.81,Au19.68Pd25.40Pt26.98Rh17.14Ru10.81,0.4929769
20.75,26.44,26.09,15.59,11.12,Au20.75Pd26.44Pt26.09Rh15.59Ru11.12,0.49128702
21.91,28.54,24.66,14.61,10.28,Au21.91Pd28.54Pt24.66Rh14.61Ru10.28,0.48598853
23.62,29.42,23.04,12.9,11.01,Au23.62Pd29.42Pt23.04Rh12.90Ru11.01,0.48413074
24.6,30.81,21.8,12.41,10.37,Au24.60Pd30.81Pt21.80Rh12.41Ru10.37,0.47992206
26.73,31.95,20.87,10.58,9.86,Au26.73Pd31.95Pt20.87Rh10.58Ru9.86,0.47436878
28.04,33.22,19.37,10.07,9.3,Au28.04Pd33.22Pt19.37Rh10.07Ru9.30,0.46971115
28.89,34.15,18.22,9.22,9.53,Au28.89Pd34.15Pt18.22Rh9.22Ru9.53,0.46801043
29.75,35.12,16.69,8.71,9.72,Au29.75Pd35.12Pt16.69Rh8.71Ru9.72,0.46599844
30.86,36.89,15.76,7.88,8.61,Au30.86Pd36.89Pt15.76Rh7.88Ru8.61,0.4600952
32.43,37.84,14.58,6.54,8.61,Au32.43Pd37.84Pt14.58Rh6.54Ru8.61,0.45657274
33.36,38.8,13.39,5.76,8.69,Au33.36Pd38.80Pt13.39Rh5.76Ru8.69,0.4542436
11.92,17.25,35.08,25.58,10.17,Au11.92Pd17.25Pt35.08Rh25.58Ru10.17,0.50862145
13.22,18.55,33.5,24.28,10.45,Au13.22Pd18.55Pt33.50Rh24.28Ru10.45,0.5065576
14.59,20.1,32.7,22.25,10.37,Au14.59Pd20.10Pt32.70Rh22.25Ru10.37,0.50345373
15.14,21.11,32.05,21.04,10.66,Au15.14Pd21.11Pt32.05Rh21.04Ru10.66,0.50272554
16.3,22.66,31.3,19.07,10.68,Au16.30Pd22.66Pt31.30Rh19.07Ru10.68,0.50010717
17.66,24.38,29.85,17.66,10.45,Au17.66Pd24.38Pt29.85Rh17.66Ru10.45,0.4963473
18.68,25.76,28.58,16.51,10.47,Au18.68Pd25.76Pt28.58Rh16.51Ru10.47,0.49385905
20.49,27.01,27.48,15.04,9.98,Au20.49Pd27.01Pt27.48Rh15.04Ru9.98,0.4889604
21.57,28.4,26.55,13.58,9.9,Au21.57Pd28.40Pt26.55Rh13.58Ru9.90,0.48611397
22.87,30.52,24.98,12.05,9.59,Au22.87Pd30.52Pt24.98Rh12.05Ru9.59,0.48178172
24.01,31.82,23.59,11.34,9.24,Au24.01Pd31.82Pt23.59Rh11.34Ru9.24,0.47803962
25.32,33.84,22.28,9.58,8.97,Au25.32Pd33.84Pt22.28Rh9.58Ru8.97,0.47378153
26.06,34.23,21.11,9.5,9.1,Au26.06Pd34.23Pt21.11Rh9.50Ru9.10,0.47236076
27.13,35.37,19.66,8.99,8.84,Au27.13Pd35.37Pt19.66Rh8.99Ru8.84,0.46889895
28.42,37.12,18.92,6.84,8.7,Au28.42Pd37.12Pt18.92Rh6.84Ru8.70,0.46523377
29.87,37.68,17.36,7.05,8.04,Au29.87Pd37.68Pt17.36Rh7.05Ru8.04,0.46039933
30.9,39.61,15.94,5.68,7.87,Au30.90Pd39.61Pt15.94Rh5.68Ru7.87,0.45666975
13.23,18.93,36.6,21.89,9.35,Au13.23Pd18.93Pt36.60Rh21.89Ru9.35,0.50403506
13.76,20.59,35.96,20.21,9.49,Au13.76Pd20.59Pt35.96Rh20.21Ru9.49,0.5027241
14.66,22.33,34.34,19.11,9.56,Au14.66Pd22.33Pt34.34Rh19.11Ru9.56,0.50051546
15.0,24.38,33.04,17.95,9.64,Au15.00Pd24.38Pt33.04Rh17.95Ru9.64,0.49900693
16.79,25.42,32.15,15.96,9.68,Au16.79Pd25.42Pt32.15Rh15.96Ru9.68,0.49565184
17.87,27.4,30.58,15.25,8.9,Au17.87Pd27.40Pt30.58Rh15.25Ru8.90,0.4908244
18.6,28.44,29.69,14.1,9.17,Au18.60Pd28.44Pt29.69Rh14.10Ru9.17,0.48961675
20.26,30.68,27.73,12.28,9.05,Au20.26Pd30.68Pt27.73Rh12.28Ru9.05,0.48511004
21.32,31.81,25.8,11.95,9.11,Au21.32Pd31.81Pt25.80Rh11.95Ru9.11,0.4825363
22.27,33.13,25.14,11.09,8.38,Au22.27Pd33.13Pt25.14Rh11.09Ru8.38,0.47834647
23.72,34.89,24.05,9.46,7.88,Au23.72Pd34.89Pt24.05Rh9.46Ru7.88,0.4735174
25.45,35.95,21.94,8.51,8.15,Au25.45Pd35.95Pt21.94Rh8.51Ru8.15,0.4702358
26.01,37.36,21.39,7.29,7.94,Au26.01Pd37.36Pt21.39Rh7.29Ru7.94,0.46782634
27.3,38.73,19.47,7.01,7.49,Au27.30Pd38.73Pt19.47Rh7.01Ru7.49,0.46323845
28.27,38.94,18.73,6.16,7.89,Au28.27Pd38.94Pt18.73Rh6.16Ru7.89,0.46231717
13.09,21.36,37.73,19.18,8.64,Au13.09Pd21.36Pt37.73Rh19.18Ru8.64,0.50145054
14.26,23.1,35.9,17.99,8.75,Au14.26Pd23.10Pt35.90Rh17.99Ru8.75,0.4989365
14.93,24.11,35.54,16.95,8.48,Au14.93Pd24.11Pt35.54Rh16.95Ru8.48,0.4967034
15.78,26.47,34.14,15.17,8.45,Au15.78Pd26.47Pt34.14Rh15.17Ru8.45,0.49394506
16.52,27.48,32.74,14.3,8.96,Au16.52Pd27.48Pt32.74Rh14.30Ru8.96,0.49331456
17.46,29.16,31.41,13.32,8.64,Au17.46Pd29.16Pt31.41Rh13.32Ru8.64,0.48998338
19.18,31.29,29.69,12.2,7.65,Au19.18Pd31.29Pt29.69Rh12.20Ru7.65,0.4834226
20.0,33.64,27.5,10.57,8.29,Au20.00Pd33.64Pt27.50Rh10.57Ru8.29,0.48192957
21.41,34.27,26.22,10.04,8.05,Au21.41Pd34.27Pt26.22Rh10.04Ru8.05,0.47847763
22.05,35.72,25.39,9.11,7.73,Au22.05Pd35.72Pt25.39Rh9.11Ru7.73,0.4756379
23.1,36.41,24.23,8.1,8.16,Au23.10Pd36.41Pt24.23Rh8.10Ru8.16,0.4743346
24.09,38.15,22.38,7.57,7.82,Au24.09Pd38.15Pt22.38Rh7.57Ru7.82,0.47040075
25.48,39.73,20.94,6.53,7.32,Au25.48Pd39.73Pt20.94Rh6.53Ru7.32,0.46557358
12.99,23.68,38.46,16.58,8.29,Au12.99Pd23.68Pt38.46Rh16.58Ru8.29,0.49961126
14.03,25.04,37.48,15.01,8.44,Au14.03Pd25.04Pt37.48Rh15.01Ru8.44,0.4976029
14.16,27.64,35.95,14.24,8.01,Au14.16Pd27.64Pt35.95Rh14.24Ru8.01,0.4949138
16.19,29.24,34.66,12.71,7.2,Au16.19Pd29.24Pt34.66Rh12.71Ru7.20,0.4888025
16.54,30.22,32.55,12.9,7.79,Au16.54Pd30.22Pt32.55Rh12.90Ru7.79,0.48892832
18.0,32.61,31.22,10.61,7.57,Au18.00Pd32.61Pt31.22Rh10.61Ru7.57,0.4845508
18.75,33.94,29.97,10.35,6.99,Au18.75Pd33.94Pt29.97Rh10.35Ru6.99,0.48099327
19.95,35.4,28.18,9.39,7.07,Au19.95Pd35.40Pt28.18Rh9.39Ru7.07,0.4781135
21.04,36.54,26.58,8.66,7.19,Au21.04Pd36.54Pt26.58Rh8.66Ru7.19,0.47568613
22.16,37.81,25.72,7.41,6.89,Au22.16Pd37.81Pt25.72Rh7.41Ru6.89,0.47220632
23.43,39.51,23.43,6.92,6.71,Au23.43Pd39.51Pt23.43Rh6.92Ru6.71,0.46815076
13.87,28.26,36.6,13.96,7.32,Au13.87Pd28.26Pt36.60Rh13.96Ru7.32,0.4934079
15.67,29.24,36.57,11.55,6.97,Au15.67Pd29.24Pt36.57Rh11.55Ru6.97,0.489172
15.57,31.77,34.75,10.67,7.24,Au15.57Pd31.77Pt34.75Rh10.67Ru7.24,0.48842388
16.7,32.96,32.22,11.09,7.02,Au16.70Pd32.96Pt32.22Rh11.09Ru7.02,0.48518533
17.21,35.06,30.52,10.55,6.66,Au17.21Pd35.06Pt30.52Rh10.55Ru6.66,0.4820341
18.75,36.89,29.36,8.69,6.3,Au18.75Pd36.89Pt29.36Rh8.69Ru6.30,0.47742674
19.89,37.06,28.04,8.39,6.63,Au19.89Pd37.06Pt28.04Rh8.39Ru6.63,0.47610494
