ID,x,y,Au,Cu,Pd,Pt,Resistance
1,-22500.0,-40500.0,0.5233,0.077,0.2864,0.1133,0.79140027
2,-18000.0,-40500.0,0.47975202479752027,0.08229177082291772,0.31986801319868013,0.11808819118088193,0.79164111
3,-13500.0,-40500.0,0.45530000000000004,0.0867,0.3395,0.1185,0.8133310966666667
4,-9000.0,-40500.0,0.42590000000000006,0.09369999999999999,0.36579999999999996,0.11460000000000001,0.8349975500000001
5,-4500.0,-40500.0,0.3994,0.09480000000000001,0.3925,0.1133,0.8546767266666666
6,0.0,-40500.0,0.3637363736373637,0.10831083108310832,0.4221422142214222,0.10581058105810581,0.8710707066666666
7,4500.0,-40500.0,0.3379,0.1134,0.44170000000000004,0.107,0.8838747433333334
8,9000.0,-40500.0,0.3097690230976902,0.1184881511848815,0.4734526547345265,0.0982901709829017,0.89268043
9,13500.0,-40500.0,0.2862,0.1229,0.4946,0.09630000000000001,0.89699918
10,18000.0,-40500.0,0.2586,0.11789999999999999,0.5265,0.09699999999999999,0.8988315266666667
11,22500.0,-40500.0,0.2327,0.1292,0.5483,0.0898,0.9059156066666668
12,-27000.0,-36000.0,0.5243,0.0817,0.261,0.133,0.7861837266666666
13,-22500.0,-36000.0,0.49670000000000003,0.0857,0.2893,0.1283,0.8055356133333333
14,-18000.0,-36000.0,0.46449999999999997,0.0933,0.3096,0.13259999999999997,0.8254538733333334
15,-13500.0,-36000.0,0.43770000000000003,0.099,0.33490000000000003,0.1284,0.8441650700000001
16,-9000.0,-36000.0,0.40630000000000005,0.10039999999999999,0.36450000000000005,0.1288,0.86167688
17,-4500.0,-36000.0,0.3781378137813781,0.10971097109710971,0.38493849384938494,0.1272127212721272,0.8772155166666666
18,0.0,-36000.0,0.3589,0.11560000000000001,0.4045,0.121,0.8889614100000001
19,4500.0,-36000.0,0.3247,0.1058,0.4507,0.1188,0.8978315899999999
20,9000.0,-36000.0,0.3020697930206979,0.1203879612038796,0.4677532246775322,0.10978902109789021,0.9031425
21,13500.0,-36000.0,0.2754,0.1306,0.4854,0.10859999999999999,0.9038817633333333
22,18000.0,-36000.0,0.24757524247575238,0.13498650134986498,0.5134486551344865,0.10398960103989599,0.90171165
23,22500.0,-36000.0,0.2251774822517748,0.1356864313568643,0.5352464753524647,0.10388961103889612,0.89798668
24,27000.0,-36000.0,0.2027,0.1419,0.5598,0.0956,0.8990312533333333
25,-31500.0,-31500.0,0.5237523752375237,0.08960896089608962,0.23362336233623363,0.15301530153015303,0.81387379
26,-27000.0,-31500.0,0.5009,0.0783,0.2651,0.1557,0.8270553733333333
27,-22500.0,-31500.0,0.4708470847084708,0.0989098909890989,0.28012801280128014,0.1501150115011501,0.8438984733333333
28,-18000.0,-31500.0,0.4474,0.0962,0.30269999999999997,0.1537,0.8604176
29,-13500.0,-31500.0,0.41509999999999997,0.0978,0.3321,0.155,0.8750428299999999
30,-9000.0,-31500.0,0.3962,0.1134,0.3479,0.1425,0.8889922299999999
31,-4500.0,-31500.0,0.36639999999999995,0.12479999999999998,0.37239999999999995,0.1364,0.8996036733333334
32,0.0,-31500.0,0.3427,0.1233,0.39799999999999996,0.136,0.9080916566666668
33,4500.0,-31500.0,0.31199999999999994,0.12689999999999999,0.42849999999999994,0.13259999999999997,0.9137825533333334
34,9000.0,-31500.0,0.2903290329032903,0.1328132813281328,0.45454545454545453,0.1223122312231223,0.91683945
35,13500.0,-31500.0,0.26062606260626064,0.13911391139113913,0.47794779477947796,0.12231223122312232,0.91511505
36,18000.0,-31500.0,0.24037596240375964,0.13958604139586042,0.5062493750624938,0.11378862113788622,0.9107300033333332
37,22500.0,-31500.0,0.21359999999999998,0.1475,0.5257000000000001,0.11320000000000001,0.9045572266666666
38,27000.0,-31500.0,0.19511951195119515,0.15281528152815282,0.546954695469547,0.10511051105110511,0.8965048
39,31500.0,-31500.0,0.1778,0.1656,0.5553,0.1013,0.8905800566666666
40,-36000.0,-27000.0,0.5282528252825283,0.0809080908090809,0.2115211521152115,0.17931793179317929,0.8410456233333333
41,-31500.0,-27000.0,0.5048,0.08250000000000002,0.23720000000000002,0.17550000000000004,0.85500422
42,-27000.0,-27000.0,0.4877,0.0969,0.24670000000000003,0.16870000000000002,0.8689472066666667
43,-22500.0,-27000.0,0.4528452845284528,0.0959095909590959,0.2826282628262826,0.1686168616861686,0.8828947800000001
44,-18000.0,-27000.0,0.42579999999999996,0.1082,0.3031,0.1629,0.89577264
45,-13500.0,-27000.0,0.40759999999999996,0.114,0.3146,0.1638,0.9064552266666668
46,-9000.0,-27000.0,0.3801,0.114,0.3443,0.1616,0.9164510833333334
47,-4500.0,-27000.0,0.3456,0.1277,0.3746,0.1521,0.9238106
48,0.0,-27000.0,0.3251,0.1287,0.3929,0.15330000000000002,0.9281166533333334
49,4500.0,-27000.0,0.303,0.1356,0.4114,0.15,0.9304663466666666
50,9000.0,-27000.0,0.2746,0.1425,0.445,0.1379,0.9315826433333334
51,13500.0,-27000.0,0.24942494249424946,0.14291429142914291,0.4693469346934694,0.13831383138313832,0.9292194333333332
52,18000.0,-27000.0,0.2227,0.1518,0.4951,0.1304,0.9225079033333332
53,22500.0,-27000.0,0.2076207620762076,0.1554155415541554,0.5173517351735173,0.11961196119611961,0.9142485833333333
54,27000.0,-27000.0,0.1808,0.1606,0.5361,0.1225,0.90496627
55,31500.0,-27000.0,0.16711671167116712,0.16121612161216123,0.5606560656065607,0.11101110111011102,0.8937836566666667
56,36000.0,-27000.0,0.14859999999999998,0.1726,0.5747,0.1041,0.8885667233333333
57,-40500.0,-22500.0,0.5248999999999999,0.0749,0.20099999999999998,0.1992,0.8829571466666667
58,-36000.0,-22500.0,0.5052,0.08800000000000001,0.2122,0.1946,0.8909447833333334
59,-31500.0,-22500.0,0.48949999999999994,0.09169999999999999,0.22399999999999995,0.19479999999999997,0.9014622233333331
60,-27000.0,-22500.0,0.45620000000000005,0.10140000000000002,0.24970000000000003,0.1927,0.9120683233333332
61,-22500.0,-22500.0,0.4384,0.0933,0.2749,0.1934,0.92177551
62,-18000.0,-22500.0,0.40490000000000004,0.1096,0.2949,0.1906,0.93069877
63,-13500.0,-22500.0,0.37670000000000003,0.12140000000000001,0.3187,0.1832,0.93836726
64,-9000.0,-22500.0,0.36053605360536045,0.1204120412041204,0.33813381338133813,0.1809180918091809,0.9444839666666668
65,-4500.0,-22500.0,0.3340665933406659,0.12748725127487254,0.363063693630637,0.17538246175382463,0.9483862333333334
66,0.0,-22500.0,0.3038,0.14029999999999998,0.3859,0.17,0.94994882
67,4500.0,-22500.0,0.28859999999999997,0.1445,0.4092,0.1577,0.9493678833333332
68,9000.0,-22500.0,0.2662,0.14529999999999998,0.4315,0.157,0.9480495266666666
69,13500.0,-22500.0,0.23712371237123714,0.14981498149814984,0.4606460646064607,0.15241524152415242,0.9439335866666668
70,18000.0,-22500.0,0.20887911208879115,0.16688331166883313,0.4814518548145186,0.14278572142785723,0.9369251566666666
71,22500.0,-22500.0,0.19829999999999998,0.16760000000000003,0.5028,0.1313,0.9282065466666668
72,27000.0,-22500.0,0.17858214178582144,0.17188281171882813,0.5254474552544746,0.12408759124087593,0.91745325
73,31500.0,-22500.0,0.15558444155584442,0.18078192180781918,0.5397460253974602,0.12388761123887611,0.9039067166666668
74,36000.0,-22500.0,0.1414858514148585,0.18568143185681432,0.5569443055694431,0.11588841115888411,0.8948648733333333
75,40500.0,-22500.0,0.131,0.1826,0.5775,0.10890000000000001,0.9044945066666668
76,-40500.0,-18000.0,0.49684968496849685,0.09510951095109511,0.1936193619361936,0.21442144214421444,0.93525032
77,-36000.0,-18000.0,0.4769,0.0897,0.2095,0.22390000000000002,0.9444068266666666
78,-31500.0,-18000.0,0.46380000000000005,0.0958,0.221,0.2194,0.9505294366666668
79,-27000.0,-18000.0,0.4364563543645636,0.09759024097590242,0.24597540245975405,0.21997800219978003,0.9559181666666666
80,-22500.0,-18000.0,0.4122,0.1139,0.2625,0.2114,0.96156313
81,-18000.0,-18000.0,0.3948,0.111,0.2864,0.2078,0.9656986033333332
82,-13500.0,-18000.0,0.3724,0.1243,0.30210000000000004,0.20120000000000002,0.9685194233333332
83,-9000.0,-18000.0,0.3414,0.1343,0.3282,0.1961,0.9716234933333332
84,-4500.0,-18000.0,0.31493149314931496,0.14221422142214224,0.35123512351235125,0.19161916191619163,0.9725634566666668
85,0.0,-18000.0,0.2965,0.14,0.3839,0.1796,0.9713760533333332
86,4500.0,-18000.0,0.2692730726927307,0.1571842815718428,0.39736026397360263,0.17618238176182383,0.9688018233333332
87,9000.0,-18000.0,0.245,0.1641,0.42090000000000005,0.17,0.9661332433333332
88,13500.0,-18000.0,0.22977702229777022,0.1688831116888311,0.4393560643935606,0.161983801619838,0.9603561166666666
89,18000.0,-18000.0,0.20179999999999998,0.16909999999999997,0.46959999999999996,0.15949999999999998,0.9532222466666668
90,22500.0,-18000.0,0.18380000000000002,0.18120000000000003,0.48510000000000003,0.14990000000000003,0.9421722033333334
91,27000.0,-18000.0,0.1627162716271627,0.1807180718071807,0.5122512251225122,0.1443144314431443,0.9316799666666667
92,31500.0,-18000.0,0.1435,0.1966,0.5247999999999999,0.1351,0.9197317666666668
93,36000.0,-18000.0,0.1311,0.2053,0.5389,0.1247,0.9089311766666668
94,40500.0,-18000.0,0.1189,0.2022,0.5589,0.12,0.9019088533333334
95,-45000.0,-13500.0,0.5088,0.0776,0.17309999999999998,0.24050000000000002,0.99253788
96,-40500.0,-13500.0,0.4769,0.0974,0.187,0.23870000000000002,0.9885141833333332
97,-36000.0,-13500.0,0.44750000000000006,0.09860000000000001,0.21150000000000002,0.24240000000000003,0.9889267366666666
98,-31500.0,-13500.0,0.44155584441555845,0.09619038096190381,0.21907809219078095,0.24317568243175686,0.9921576566666668
99,-27000.0,-13500.0,0.42119999999999996,0.11130000000000001,0.22940000000000002,0.23809999999999998,0.99377711
100,-22500.0,-13500.0,0.38136186381361864,0.12088791120887911,0.2574742525747425,0.24027597240275972,0.9955294733333332
101,-18000.0,-13500.0,0.37466253374662534,0.12618738126187382,0.2716728327167284,0.22747725227477256,0.9957037466666668
102,-13500.0,-13500.0,0.35159999999999997,0.1375,0.2847,0.2262,0.9951379233333332
103,-9000.0,-13500.0,0.3249,0.1422,0.3164,0.2165,0.99591422
104,-4500.0,-13500.0,0.30123012301230123,0.1417141714171417,0.34033403340334034,0.21672167216721674,0.9940986466666666
105,0.0,-13500.0,0.2755,0.149,0.36460000000000004,0.2109,0.99103768
106,4500.0,-13500.0,0.249,0.1618,0.3896,0.1996,0.9871584633333332
107,9000.0,-13500.0,0.23530000000000004,0.164,0.41080000000000005,0.1899,0.9822773633333332
108,13500.0,-13500.0,0.2086,0.1866,0.4227,0.1821,0.97555431
109,18000.0,-13500.0,0.1909,0.1802,0.45280000000000004,0.1761,0.96719811
110,22500.0,-13500.0,0.1727,0.1938,0.4678,0.16570000000000001,0.95751002
111,27000.0,-13500.0,0.1576157615761576,0.2104210421042104,0.4804480448044804,0.1515151515151515,0.9461216366666666
112,31500.0,-13500.0,0.1426,0.19920000000000002,0.5097,0.1485,0.93472475
113,36000.0,-13500.0,0.1273,0.20879999999999999,0.5264,0.1375,0.9229136833333332
114,40500.0,-13500.0,0.1121,0.2191,0.5405,0.1283,0.91373613
115,45000.0,-13500.0,0.1016,0.221,0.5565,0.1209,0.9535864033333332
116,-45000.0,-9000.0,0.47229999999999994,0.0867,0.17149999999999999,0.2695,1.0403787
117,-40500.0,-9000.0,0.44530000000000003,0.1116,0.172,0.2711,1.0331912
118,-36000.0,-9000.0,0.4325,0.1017,0.1852,0.28059999999999996,1.0303608
119,-31500.0,-9000.0,0.41659999999999997,0.1042,0.2089,0.2703,1.0281862
120,-27000.0,-9000.0,0.3887,0.10710000000000001,0.2361,0.2681,1.0251540666666668
121,-22500.0,-9000.0,0.37276272372762725,0.11798820117988201,0.2428757124287571,0.2663733626637336,1.023528633333333
122,-18000.0,-9000.0,0.34683468346834684,0.1337133713371337,0.2633263326332633,0.25612561256125616,1.0206693333333334
123,-13500.0,-9000.0,0.3239,0.1361,0.29359999999999997,0.2464,1.018142833333333
124,-9000.0,-9000.0,0.31623162316231623,0.13321332133213323,0.30363036303630364,0.24692469246924695,1.0164727333333332
125,-4500.0,-9000.0,0.289,0.1491,0.3272,0.2347,1.0132222666666668
126,0.0,-9000.0,0.26777322267773224,0.1633836616338366,0.34026597340265974,0.22857714228577142,1.0083399666666666
127,4500.0,-9000.0,0.23379999999999998,0.17149999999999999,0.37670000000000003,0.218,1.003662533333333
128,9000.0,-9000.0,0.22077792220777923,0.17298270172982705,0.39546045395460455,0.21077892210778923,0.9973738733333334
129,13500.0,-9000.0,0.20079999999999998,0.185,0.41450000000000004,0.1997,0.99139079
130,18000.0,-9000.0,0.1744,0.1907,0.439,0.1959,0.9823896833333332
131,22500.0,-9000.0,0.16419999999999998,0.208,0.4477,0.18009999999999998,0.9719764833333334
132,27000.0,-9000.0,0.1451,0.2102,0.473,0.17170000000000002,0.9625375366666666
133,31500.0,-9000.0,0.1288,0.2191,0.49,0.16210000000000002,0.9513573133333334
134,36000.0,-9000.0,0.12349999999999998,0.21669999999999998,0.5105999999999999,0.14919999999999997,0.94013215
135,40500.0,-9000.0,0.1057,0.2322,0.5228,0.1393,0.9299858266666666
136,45000.0,-9000.0,0.09630963096309632,0.23692369236923694,0.5351535153515352,0.13161316131613163,0.9394491533333332
137,-45000.0,-4500.0,0.4495,0.0922,0.15960000000000002,0.2987,1.0841388666666667
138,-40500.0,-4500.0,0.41700000000000004,0.1039,0.1808,0.2983,1.0703425333333334
139,-36000.0,-4500.0,0.40240000000000004,0.1119,0.18359999999999999,0.30210000000000004,1.062480366666667
140,-31500.0,-4500.0,0.3878612138786121,0.10138986101389862,0.2065793420657934,0.30416958304169583,1.0565514333333332
141,-27000.0,-4500.0,0.3632,0.1201,0.2194,0.2973,1.0501039
142,-22500.0,-4500.0,0.3491650834916508,0.13058694130586943,0.23547645235476453,0.28477152284771523,1.0449184
143,-18000.0,-4500.0,0.3221,0.1371,0.2569,0.2839,1.0397162
144,-13500.0,-4500.0,0.3044,0.1437,0.2752,0.2767,1.0361908666666666
145,-9000.0,-4500.0,0.2875,0.15,0.2914,0.2711,1.031701566666667
146,-4500.0,-4500.0,0.2633,0.159,0.3184,0.2593,1.0258102333333334
147,0.0,-4500.0,0.24199999999999997,0.1726,0.33059999999999995,0.25479999999999997,1.021400833333333
148,4500.0,-4500.0,0.223022302230223,0.1771177117711771,0.3575357535753575,0.2423242324232423,1.0154923
149,9000.0,-4500.0,0.2018,0.1882,0.3782,0.2318,1.0095928666666667
150,13500.0,-4500.0,0.1825182518251825,0.1986198619861986,0.3979397939793979,0.2209220922092209,1.0027987333333332
151,18000.0,-4500.0,0.17149999999999999,0.2078,0.41359999999999997,0.2071,0.9938586633333332
152,22500.0,-4500.0,0.14948505149485053,0.21537846215378464,0.4352564743525648,0.19988001199880012,0.98560784
153,27000.0,-4500.0,0.1389,0.22210000000000002,0.4531,0.1859,0.9766506033333332
154,31500.0,-4500.0,0.12199999999999997,0.23689999999999997,0.46849999999999997,0.1726,0.96579439
155,36000.0,-4500.0,0.1131,0.2369,0.4879,0.16210000000000002,0.9562380966666668
156,40500.0,-4500.0,0.10099999999999999,0.24350000000000002,0.5068,0.1487,0.9471386166666668
157,45000.0,-4500.0,0.09249075092490752,0.23817618238176186,0.5246475352464753,0.14468553144685534,0.95048152
158,-45000.0,0.0,0.41119999999999995,0.1072,0.153,0.3286,1.1150387333333331
159,-40500.0,0.0,0.4019,0.1033,0.1616,0.3332,1.0992452666666668
160,-36000.0,0.0,0.3823,0.109,0.1797,0.32899999999999996,1.0866330666666668
161,-31500.0,0.0,0.3593,0.1209,0.1948,0.325,1.0770088999999998
162,-27000.0,0.0,0.3404659534046595,0.12288771122887711,0.21057894210578942,0.32606739326067397,1.0683025000000002
163,-22500.0,0.0,0.3131,0.1361,0.22760000000000002,0.3232,1.0606150666666667
164,-18000.0,0.0,0.2984,0.142,0.2366,0.32299999999999995,1.0538207
165,-13500.0,0.0,0.2844,0.15460000000000002,0.2522,0.30879999999999996,1.0477100666666666
166,-9000.0,0.0,0.26227377262273777,0.15368463153684633,0.28697130286971306,0.297070292970703,1.0421271666666667
167,-4500.0,0.0,0.24230000000000002,0.1705,0.302,0.2852,1.0372982666666666
168,0.0,0.0,0.2289,0.1705,0.3209,0.2797,1.0314848
169,4500.0,0.0,0.19780000000000003,0.19440000000000004,0.3401,0.26770000000000005,1.0257645666666666
170,9000.0,0.0,0.1908190819081908,0.19851985198519853,0.3564356435643565,0.2542254225422543,1.0196795
171,13500.0,0.0,0.1714,0.2052,0.38380000000000003,0.2396,1.0124454333333337
172,18000.0,0.0,0.158,0.2188,0.3936,0.2296,1.005849
173,22500.0,0.0,0.14529999999999998,0.2274,0.41200000000000003,0.21530000000000002,0.99794642
174,27000.0,0.0,0.12960000000000002,0.2278,0.43770000000000003,0.20489999999999997,0.9891787833333332
175,31500.0,0.0,0.11630000000000001,0.23920000000000002,0.45380000000000004,0.1907,0.9818862866666668
176,36000.0,0.0,0.1052894710528947,0.24257574242575744,0.4737526247375263,0.1783821617838216,0.97250592
177,40500.0,0.0,0.09179999999999998,0.25249999999999995,0.4881,0.1676,0.9642890533333334
178,45000.0,0.0,0.0858,0.2544,0.5046,0.1552,0.96765233
179,-45000.0,4500.0,0.39390000000000003,0.0983,0.1447,0.36310000000000003,1.1390367
180,-40500.0,4500.0,0.3703,0.10640000000000001,0.153,0.3703,1.118974
181,-36000.0,4500.0,0.3535646435356465,0.10658934106589342,0.17268273172682733,0.36716328367163287,1.1020004666666667
182,-31500.0,4500.0,0.33236676332366766,0.1234876512348765,0.1813818618138186,0.3627637236276372,1.0896066666666668
183,-27000.0,4500.0,0.31536846315368466,0.12788721127887212,0.19678032196780323,0.3599640035996401,1.0783752333333332
184,-22500.0,4500.0,0.2961,0.1292,0.2254,0.3493,1.0689081333333337
185,-18000.0,4500.0,0.2813,0.1467,0.23120000000000002,0.3408,1.0618799333333333
186,-13500.0,4500.0,0.2645,0.16140000000000002,0.2439,0.33020000000000005,1.0552803666666668
187,-9000.0,4500.0,0.2418,0.1628,0.2713,0.32409999999999994,1.0501966
188,-4500.0,4500.0,0.22469999999999998,0.1789,0.2834,0.313,1.044559866666667
189,0.0,4500.0,0.2102,0.1912,0.2954,0.3032,1.0386851
190,4500.0,4500.0,0.18960000000000002,0.1986,0.32520000000000004,0.2866,1.0329691666666667
191,9000.0,4500.0,0.1765823417658234,0.20757924207579243,0.3363663633636636,0.2794720527947205,1.0277694333333334
192,13500.0,4500.0,0.16079999999999997,0.21780000000000002,0.3593,0.2621,1.0219156333333332
193,18000.0,4500.0,0.14730000000000001,0.22519999999999998,0.3812,0.2463,1.0152825
194,22500.0,4500.0,0.1304,0.2382,0.39840000000000003,0.233,1.0093888333333334
195,27000.0,4500.0,0.12161216121612162,0.24422442244224427,0.41554155415541555,0.21862186218621862,1.003728
196,31500.0,4500.0,0.10458954104589543,0.25587441255874416,0.4327567243275673,0.20677932206779323,0.9951085666666668
197,36000.0,4500.0,0.09820982098209821,0.2542254225422543,0.4523452345234523,0.19521952195219522,0.98946957
198,40500.0,4500.0,0.09259999999999999,0.2623,0.4674999999999999,0.17759999999999998,0.9837603
199,45000.0,4500.0,0.0842,0.2755,0.4765,0.1638,0.9886827533333334
200,-45000.0,9000.0,0.3599,0.09230000000000001,0.1476,0.40020000000000006,1.1541457666666666
201,-40500.0,9000.0,0.34630000000000005,0.102,0.1508,0.40090000000000003,1.1285679333333334
202,-36000.0,9000.0,0.32343234323432346,0.1166116611661166,0.1672167216721672,0.3927392739273927,1.1104012333333333
203,-31500.0,9000.0,0.3107689231076892,0.12178782121787822,0.17788221177882213,0.38956104389561047,1.0959941666666666
204,-27000.0,9000.0,0.2953,0.13140000000000002,0.1882,0.3851,1.0833383333333333
205,-22500.0,9000.0,0.2733,0.1366,0.20620000000000002,0.3839,1.0723978333333333
206,-18000.0,9000.0,0.2609260926092609,0.1478147814781478,0.22042204220422043,0.3708370837083708,1.0649277666666666
207,-13500.0,9000.0,0.23879999999999998,0.1592,0.2322,0.36979999999999996,1.0585246
208,-9000.0,9000.0,0.2206,0.1722,0.2559,0.3513,1.0528512333333333
209,-4500.0,9000.0,0.21107889211078892,0.18498150184981504,0.27177282271772824,0.3321667833216678,1.048351
210,0.0,9000.0,0.1898,0.19469999999999998,0.2871,0.3284,1.043182
211,4500.0,9000.0,0.1747,0.2054,0.3068,0.3131,1.0386004333333334
212,9000.0,9000.0,0.1576,0.2086,0.3337,0.30010000000000003,1.0334494
213,13500.0,9000.0,0.1452854714528547,0.2287771222877712,0.34336566343365665,0.28257174282571745,1.0291712666666666
214,18000.0,9000.0,0.13121312131213123,0.23122312231223124,0.36583658365836585,0.27172717271727176,1.0252854666666666
215,22500.0,9000.0,0.11950000000000001,0.23930000000000004,0.3854,0.2558,1.0200569666666666
216,27000.0,9000.0,0.1108,0.2521,0.3996,0.2375,1.0164418333333334
217,31500.0,9000.0,0.10171017101710171,0.27092709270927096,0.4074407440744075,0.21992199219921993,1.0104919
218,36000.0,9000.0,0.09210921092109212,0.26632663266326634,0.4310431043104311,0.21052105210521055,1.0058079333333334
219,40500.0,9000.0,0.08370000000000001,0.26600000000000007,0.45230000000000004,0.19800000000000004,1.001970933333333
220,45000.0,9000.0,0.0798,0.2828,0.4603999999999999,0.17699999999999996,1.017982333333333
221,-45000.0,13500.0,0.32549999999999996,0.1144,0.1322,0.4279,1.1628715333333333
222,-40500.0,13500.0,0.3146314631463147,0.1145114511451145,0.14431443144314432,0.42654265426542654,1.1310463000000002
223,-36000.0,13500.0,0.2993,0.1207,0.1583,0.4217,1.1104275666666663
224,-31500.0,13500.0,0.2862,0.1277,0.16469999999999999,0.4214,1.0950992666666666
225,-27000.0,13500.0,0.2672,0.1402,0.18489999999999998,0.4077,1.0829787666666666
226,-22500.0,13500.0,0.2529,0.1447,0.1956,0.4068,1.0727966666666666
227,-18000.0,13500.0,0.2308769123087691,0.1524847515248475,0.214978502149785,0.4016598340165983,1.0657398333333332
228,-13500.0,13500.0,0.22387761223877614,0.16628337166283372,0.21377862213778623,0.396060393960604,1.0594723
229,-9000.0,13500.0,0.2096,0.1815,0.2389,0.37,1.0547466333333333
230,-4500.0,13500.0,0.187,0.1893,0.265,0.35869999999999996,1.0502146666666667
231,0.0,13500.0,0.175,0.1918,0.2776,0.3556,1.045879
232,4500.0,13500.0,0.1603,0.2082,0.2888,0.3427,1.0425262
233,9000.0,13500.0,0.15500000000000003,0.21650000000000003,0.31360000000000005,0.3149,1.0391620333333331
234,13500.0,13500.0,0.1408140814081408,0.23102310231023102,0.3252325232523252,0.3029302930293029,1.0361871
235,18000.0,13500.0,0.125987401259874,0.25027497250274977,0.33726627337266274,0.28647135286471354,1.0328702666666667
236,22500.0,13500.0,0.1153,0.24670000000000003,0.3639,0.2741,1.028796066666667
237,27000.0,13500.0,0.1035,0.2621,0.3804,0.254,1.0276937333333334
238,31500.0,13500.0,0.0978,0.2697,0.3886,0.2439,1.0254621666666666
239,36000.0,13500.0,0.08889999999999999,0.27459999999999996,0.41389999999999993,0.2226,1.0221785
240,40500.0,13500.0,0.0801,0.2861,0.42560000000000003,0.2082,1.0224385666666669
241,45000.0,13500.0,0.07039296070392961,0.2927707229277073,0.4414558544145586,0.19538046195380462,1.0786247666666666
242,-40500.0,18000.0,0.2849,0.1092,0.1409,0.465,1.1263048666666668
243,-36000.0,18000.0,0.2731,0.127,0.1454,0.4545,1.1040792
244,-31500.0,18000.0,0.2535,0.1321,0.1561,0.4583,1.0900192666666666
245,-27000.0,18000.0,0.24737526247375263,0.13918608139186084,0.16978302169783024,0.44365563443655637,1.077686266666667
246,-22500.0,18000.0,0.2327,0.1494,0.174,0.4439,1.0681747666666666
247,-18000.0,18000.0,0.21747825217478253,0.16278372162783725,0.19108089191080893,0.4286571342865714,1.0618950666666669
248,-13500.0,18000.0,0.2046,0.1607,0.21710000000000002,0.41759999999999997,1.0568071666666667
249,-9000.0,18000.0,0.18908109189081093,0.18248175182481755,0.22777722227777225,0.4006599340065994,1.0529890666666666
250,-4500.0,18000.0,0.1685,0.19640000000000002,0.24170000000000003,0.3934,1.0504886666666666
251,0.0,18000.0,0.1718,0.19699999999999998,0.254,0.3772,1.0477017666666666
252,4500.0,18000.0,0.1481,0.2108,0.2812,0.3599,1.0442397666666667
253,9000.0,18000.0,0.1353,0.2248,0.2948,0.34509999999999996,1.0427912
254,13500.0,18000.0,0.128,0.23670000000000002,0.3119,0.3234,1.0412702
255,18000.0,18000.0,0.11289999999999999,0.25329999999999997,0.3251,0.30870000000000003,1.0403180333333333
256,22500.0,18000.0,0.1104110411041104,0.24762476247624765,0.34723472347234724,0.29472947294729473,1.0384368
257,27000.0,18000.0,0.09939999999999999,0.26739999999999997,0.3577,0.2755,1.0389434333333334
258,31500.0,18000.0,0.0867,0.2809,0.3735,0.2589,1.0385290333333337
259,36000.0,18000.0,0.07999999999999999,0.28509999999999996,0.39479999999999993,0.24009999999999998,1.0381110666666666
260,40500.0,18000.0,0.07230723072307231,0.2994299429942995,0.40374037403740376,0.22452245224522452,1.044993133333333
261,-40500.0,22500.0,0.2638,0.1209,0.12269999999999999,0.4926,1.1190465
262,-36000.0,22500.0,0.24822482248224825,0.12111211121112112,0.1409140914091409,0.48974897489748975,1.0956056333333335
263,-31500.0,22500.0,0.2376,0.1318,0.1508,0.47979999999999995,1.0813296666666663
264,-27000.0,22500.0,0.21887811218878114,0.13988601139886012,0.15968403159684033,0.48155184481551844,1.0705833666666666
265,-22500.0,22500.0,0.21052105210521052,0.14461446144614462,0.1756175617561756,0.4692469246924692,1.0620081666666663
266,-18000.0,22500.0,0.1922807719228077,0.16778322167783222,0.1878812118788121,0.4520547945205479,1.0568946333333331
267,-13500.0,22500.0,0.18318168183181682,0.17098290170982902,0.20527947205279473,0.44055594440555945,1.0525128333333331
268,-9000.0,22500.0,0.16981698169816983,0.18121812181218125,0.22062206220622063,0.42834283428342834,1.0507513000000002
269,-4500.0,22500.0,0.1515,0.18960000000000002,0.24050000000000002,0.41840000000000005,1.0484969333333334
270,0.0,22500.0,0.14401440144014402,0.2045204520452045,0.24602460246024602,0.4054405440544054,1.0473842
271,4500.0,22500.0,0.1304,0.2289,0.2571,0.3836,1.0464772666666666
272,9000.0,22500.0,0.12240000000000001,0.2397,0.26280000000000003,0.3751,1.0455408
273,13500.0,22500.0,0.12038796120387961,0.24537546245375463,0.2877712228777123,0.34646535346465357,1.046301733333333
274,18000.0,22500.0,0.1094,0.2515,0.30879999999999996,0.33030000000000004,1.0469374
275,22500.0,22500.0,0.0973,0.2676,0.32020000000000004,0.31489999999999996,1.0471420333333332
276,27000.0,22500.0,0.0918091809180918,0.2652265226522652,0.3447344734473447,0.2982298229822982,1.0497810333333333
277,31500.0,22500.0,0.0843,0.2832,0.3554,0.2771,1.0527404
278,36000.0,22500.0,0.07550755075507551,0.29532953295329534,0.37213721372137215,0.25702570257025703,1.0573504666666669
279,40500.0,22500.0,0.0687,0.3062,0.38630000000000003,0.23879999999999998,1.0867597000000002
280,-36000.0,27000.0,0.2226222622262226,0.1225122512251225,0.1306130613061306,0.5242524252425242,1.0888445333333332
281,-31500.0,27000.0,0.2137213721372137,0.1362136213621362,0.1477147714771477,0.5023502350235023,1.0697421666666669
282,-27000.0,27000.0,0.20739999999999997,0.1424,0.1474,0.5028,1.0596588333333332
283,-22500.0,27000.0,0.18719999999999998,0.158,0.16920000000000002,0.48560000000000003,1.0532917
284,-18000.0,27000.0,0.1753,0.16390000000000002,0.1796,0.48119999999999996,1.0495300666666667
285,-13500.0,27000.0,0.16798320167983205,0.18588141185881413,0.18218178182181782,0.46395360463953605,1.0473529333333331
286,-9000.0,27000.0,0.15109999999999998,0.183,0.2104,0.45549999999999996,1.0467082666666667
287,-4500.0,27000.0,0.1405,0.2016,0.21780000000000002,0.4401,1.046140133333333
288,0.0,27000.0,0.13720000000000002,0.20929999999999999,0.23399999999999999,0.41950000000000004,1.0472995
289,4500.0,27000.0,0.1253,0.2299,0.2402,0.4046,1.0480813666666666
290,9000.0,27000.0,0.11410000000000001,0.2365,0.259,0.39039999999999997,1.0499722333333332
291,13500.0,27000.0,0.1043,0.2506,0.2813,0.3638,1.0523104666666667
292,18000.0,27000.0,0.0943,0.262,0.2858,0.3579,1.0544474666666668
293,22500.0,27000.0,0.09119999999999999,0.2761,0.3002,0.3325,1.0568774333333333
294,27000.0,27000.0,0.08560000000000001,0.28059999999999996,0.31989999999999996,0.3139,1.0613205666666667
295,31500.0,27000.0,0.0761,0.2868,0.33759999999999996,0.2995,1.0689989666666666
296,36000.0,27000.0,0.0678,0.3031,0.35450000000000004,0.2746,1.0851189666666667
297,-31500.0,31500.0,0.1928,0.14150000000000001,0.13570000000000002,0.53,1.0594983666666666
298,-27000.0,31500.0,0.18171817181718172,0.1607160716071607,0.1428142814281428,0.5147514751475147,1.0483726
299,-22500.0,31500.0,0.17631763176317633,0.1633163316331633,0.14741474147414743,0.512951295129513,1.0424080333333334
300,-18000.0,31500.0,0.1515151515151515,0.17421742174217422,0.1654165416541654,0.5088508850885088,1.0407030666666666
301,-13500.0,31500.0,0.14880000000000002,0.1788,0.1788,0.4936,1.0403949666666668
302,-9000.0,31500.0,0.15051505150515052,0.1926192619261926,0.17961796179617961,0.4772477247724772,1.0417887
303,-4500.0,31500.0,0.1348,0.1948,0.20629999999999998,0.46409999999999996,1.043533
304,0.0,31500.0,0.1272127212721272,0.2191219121912191,0.2155215521552155,0.4381438143814381,1.0458057333333337
305,4500.0,31500.0,0.1148,0.2289,0.2263,0.43,1.0491062666666666
306,9000.0,31500.0,0.10619999999999999,0.2444,0.2419,0.4075,1.0528810666666668
307,13500.0,31500.0,0.09849999999999999,0.2581,0.2564,0.387,1.0572185333333333
308,18000.0,31500.0,0.08970897089708971,0.2588258825882588,0.2767276727672767,0.3747374737473747,1.0608917666666666
309,22500.0,31500.0,0.0818918108189181,0.2790720927907209,0.28877112288771123,0.35026497350264973,1.0663432666666666
310,27000.0,31500.0,0.07339999999999999,0.2904,0.3023,0.33390000000000003,1.0729830666666669
311,31500.0,31500.0,0.07130713071307129,0.3044304430443044,0.3133313331333133,0.3109310931093109,1.098787966666667
312,-27000.0,36000.0,0.1704170417041704,0.14691469146914693,0.135013501350135,0.5476547654765477,1.0359242
313,-22500.0,36000.0,0.1559155915591559,0.15891589158915892,0.14291429142914291,0.5422542254225423,1.0317642666666669
314,-18000.0,36000.0,0.1487,0.1671,0.1641,0.5201,1.0310396
315,-13500.0,36000.0,0.1394,0.18309999999999998,0.1696,0.5079,1.0324193666666668
316,-9000.0,36000.0,0.1351135113511351,0.18941894189418942,0.17811781178117808,0.49734973497349727,1.0357045666666669
317,-4500.0,36000.0,0.12891289128912892,0.2053205320532053,0.1883188318831883,0.47744774477447743,1.040142033333333
318,0.0,36000.0,0.1174,0.2146,0.2072,0.4608,1.045587933333333
319,4500.0,36000.0,0.10638936106389363,0.23157684231576844,0.21477852214778526,0.44725527447255276,1.0497355333333334
320,9000.0,36000.0,0.0925,0.245,0.23199999999999998,0.4305,1.0560876666666668
321,13500.0,36000.0,0.0814,0.2622,0.24559999999999998,0.4108,1.0623163
322,18000.0,36000.0,0.0819,0.2701,0.25730000000000003,0.3907,1.0698072
323,22500.0,36000.0,0.0729,0.2896,0.2646,0.3729,1.0775562333333333
324,27000.0,36000.0,0.06820000000000001,0.30560000000000004,0.27820000000000006,0.34800000000000003,1.0943576333333334
325,-22500.0,40500.0,0.1381138113811381,0.1646164616461646,0.1344134413441344,0.5628562856285628,1.0250708000000002
326,-18000.0,40500.0,0.1348134813481348,0.16551655165516552,0.1523152315231523,0.5473547354735473,1.0209051333333334
327,-13500.0,40500.0,0.12390000000000001,0.18170000000000003,0.1561,0.5383,1.0238860333333333
328,-9000.0,40500.0,0.11218878112188783,0.20057994200579943,0.16748325167483252,0.5197480251974803,1.0290431333333332
329,-4500.0,40500.0,0.10890000000000001,0.2147,0.1748,0.5015999999999999,1.0354412666666666
330,0.0,40500.0,0.10439999999999999,0.2146,0.19329999999999997,0.4877,1.0427255
331,4500.0,40500.0,0.0999099909990999,0.23422342234223423,0.20302030203020302,0.46284628462846283,1.0503168
332,9000.0,40500.0,0.08689999999999999,0.2634,0.2052,0.4445,1.059609
333,13500.0,40500.0,0.08689131086891311,0.26607339266073393,0.21947805219478053,0.42755724427557246,1.0692109666666667
334,18000.0,40500.0,0.0767,0.2729,0.24109999999999998,0.4093,1.0808447
335,22500.0,40500.0,0.0709070907090709,0.2908290829082908,0.2446244624462446,0.3936393639363936,1.1047489
336,-13500.0,45000.0,0.1133,0.17670000000000002,0.1484,0.5616,1.0281124333333334
337,-9000.0,45000.0,0.1094,0.2002,0.1533,0.5371,1.0298866333333334
338,-4500.0,45000.0,0.1015,0.20980000000000001,0.16579999999999998,0.5229,1.0369343666666666
339,0.0,45000.0,0.09220922092209222,0.229022902290229,0.17501750175017503,0.5037503750375038,1.0456135
340,4500.0,45000.0,0.08650000000000001,0.23850000000000002,0.18280000000000002,0.49219999999999997,1.0559736666666668
341,9000.0,45000.0,0.0815,0.24359999999999998,0.19920000000000002,0.4757,1.0749539
342,13500.0,45000.0,0.0811081108110811,0.26772677267726774,0.20332033203320332,0.4478447844784479,1.0973577666666663
