ID,x,y,Ag,Au,Cu,Pd,Pt,Resistance
1,-22500,-40500,0.24059999999999998,0.4119,0.0987,0.19030000000000002,0.058499999999999996,0.4614830366666667
2,-18000,-40500,0.22170000000000004,0.40120000000000006,0.10480000000000002,0.21880000000000002,0.053500000000000006,0.4598431466666666
3,-13500,-40500,0.20970000000000003,0.38120000000000004,0.11420000000000001,0.23550000000000004,0.059400000000000015,0.4836875533333333
4,-9000,-40500,0.20129999999999998,0.3625,0.1241,0.2546,0.0575,0.5115419566666667
5,-4500,-40500,0.1818,0.3443,0.1273,0.2882,0.0584,0.5429837200000001
6,0,-40500,0.1652,0.33190000000000003,0.13190000000000002,0.31460000000000005,0.056400000000000006,0.57760004
7,4500,-40500,0.15821582158215822,0.3071307130713072,0.1427142714271427,0.3345334533453346,0.05740574057405741,0.6148180466666666
8,9000,-40500,0.1447,0.2894,0.1508,0.3613,0.0538,0.6544956000000001
9,13500,-40500,0.1275872412758724,0.26707329267073293,0.15478452154784522,0.3938606139386061,0.0566943305669433,0.69472526
10,18000,-40500,0.12179999999999999,0.24600000000000002,0.1612,0.415,0.055999999999999994,0.7370675766666667
11,22500,-40500,0.1119,0.2234,0.1759,0.436,0.0528,0.78565233
12,-27000,-36000,0.26739999999999997,0.40700000000000003,0.09609999999999999,0.1707,0.0588,0.42590644
13,-22500,-36000,0.25440000000000007,0.39690000000000003,0.09740000000000001,0.18680000000000002,0.06450000000000002,0.4451298566666667
14,-18000,-36000,0.23597640235976403,0.37566243375662434,0.1131886811318868,0.2131786821317868,0.061993800619938005,0.4672731966666666
15,-13500,-36000,0.217021702170217,0.3659365936593659,0.1199119911991199,0.2348234823482348,0.06230623062306231,0.4919465166666666
16,-9000,-36000,0.21332133213321328,0.3428342834283428,0.12321232123212321,0.2584258425842584,0.0622062206220622,0.5197937066666667
17,-4500,-36000,0.1923,0.3331,0.1353,0.27440000000000003,0.0649,0.55073449
18,0,-36000,0.1775,0.313,0.1393,0.3036,0.0666,0.5836647066666667
19,4500,-36000,0.1607,0.2924,0.1492,0.332,0.06570000000000001,0.6198232066666667
20,9000,-36000,0.1551,0.2687,0.16899999999999998,0.3436,0.0636,0.6575843633333334
21,13500,-36000,0.1402,0.2504,0.17579999999999998,0.37329999999999997,0.0603,0.6964090433333333
22,18000,-36000,0.13071307130713072,0.23262326232623265,0.1758175817581758,0.39923992399239927,0.06160616061606161,0.7352019066666667
23,22500,-36000,0.12198780121987801,0.21047895210478954,0.18988101189881013,0.41925807419258077,0.05839416058394161,0.76897572
24,27000,-36000,0.11109999999999998,0.18839999999999998,0.2001,0.44279999999999997,0.05759999999999999,0.8037261033333334
25,-31500,-31500,0.2943,0.3948,0.0946,0.147,0.0693,0.4181290066666667
26,-27000,-31500,0.2843,0.386,0.0986,0.1623,0.0688,0.4342806566666667
27,-22500,-31500,0.26522652265226526,0.36903690369036907,0.10681068106810682,0.18731873187318734,0.07160716071607161,0.4545495033333333
28,-18000,-31500,0.2443,0.3712,0.1127,0.19899999999999998,0.0728,0.47699065
29,-13500,-31500,0.23129999999999998,0.34979999999999994,0.12269999999999999,0.2214,0.0748,0.5020504366666666
30,-9000,-31500,0.2181,0.33020000000000005,0.1331,0.2463,0.0723,0.52755705
31,-4500,-31500,0.1961,0.3156,0.13949999999999999,0.2732,0.0756,0.5580982066666667
32,0,-31500,0.1814,0.2945,0.1551,0.2977,0.0713,0.5911771033333333
33,4500,-31500,0.17190000000000003,0.2767,0.15990000000000001,0.3177,0.0738,0.6261448233333333
34,9000,-31500,0.1595159515951595,0.2584258425842584,0.1679167916791679,0.3434343434343434,0.0707070707070707,0.66240356
35,13500,-31500,0.1470852914708529,0.2365763423657634,0.17708229177082288,0.36746325367463245,0.0717928207179282,0.6987749266666667
36,18000,-31500,0.1333,0.2173,0.1937,0.3883,0.0674,0.7335239466666666
37,22500,-31500,0.1231,0.20489999999999997,0.1917,0.41369999999999996,0.0666,0.7655855933333334
38,27000,-31500,0.1094,0.1814,0.20550000000000002,0.4336,0.0701,0.79398965
39,31500,-31500,0.10400000000000001,0.1663,0.2127,0.4517,0.0653,0.8214731666666667
40,-36000,-27000,0.3241,0.3844,0.09100000000000001,0.1264,0.07410000000000001,0.4070815633333333
41,-31500,-27000,0.31020000000000003,0.3791,0.09080000000000002,0.14440000000000003,0.07550000000000001,0.42420068
42,-27000,-27000,0.29042904290429045,0.36133613361336137,0.1036103610361036,0.16411641164116414,0.08050805080508051,0.4435704333333333
43,-22500,-27000,0.27147285271472854,0.3521647835216479,0.11668833116688332,0.17598240175982405,0.0836916308369163,0.4647226699999999
44,-18000,-27000,0.2531746825317468,0.34736526347365265,0.1210878912108789,0.1980801919808019,0.0802919708029197,0.4874448433333333
45,-13500,-27000,0.23729999999999998,0.3328,0.13699999999999998,0.21339999999999998,0.07949999999999999,0.5131178433333333
46,-9000,-27000,0.22477752224777525,0.31506849315068497,0.13458654134586542,0.24397560243975602,0.08159184081591841,0.5404466400000001
47,-4500,-27000,0.20540000000000003,0.30060000000000003,0.15270000000000003,0.26170000000000004,0.0796,0.5704172766666668
48,0,-27000,0.19340000000000002,0.28180000000000005,0.15600000000000003,0.2861,0.08270000000000001,0.60243216
49,4500,-27000,0.1773,0.26280000000000003,0.1674,0.31329999999999997,0.07919999999999999,0.6356559033333333
50,9000,-27000,0.15990000000000001,0.2439,0.17559999999999998,0.34149999999999997,0.0791,0.6701988033333334
51,13500,-27000,0.14598540145985403,0.22527747225277475,0.18968103189681032,0.36086391360863923,0.07819218078192182,0.7046247999999999
52,18000,-27000,0.1324,0.21109999999999998,0.2028,0.3759,0.07780000000000001,0.7370098433333333
53,22500,-27000,0.12990000000000002,0.18899999999999997,0.2161,0.39130000000000004,0.0737,0.7674946366666667
54,27000,-27000,0.111,0.17620000000000002,0.2159,0.42719999999999997,0.0697,0.7919600466666666
55,31500,-27000,0.105,0.1559,0.23309999999999997,0.4353,0.0707,0.8138569400000001
56,36000,-27000,0.0901,0.14300000000000002,0.2353,0.4656,0.066,0.83699622
57,-40500,-22500,0.3496000000000001,0.37050000000000005,0.08470000000000003,0.11580000000000001,0.07940000000000001,0.4018708166666666
58,-36000,-22500,0.3331333133313331,0.3645364536453645,0.0932093209320932,0.1234123412341234,0.0857085708570857,0.4174158366666666
59,-31500,-22500,0.3161,0.35869999999999996,0.107,0.1331,0.0851,0.4359964933333333
60,-27000,-22500,0.2964,0.3468,0.1131,0.158,0.0857,0.4562859466666667
61,-22500,-22500,0.28019999999999995,0.33729999999999993,0.12209999999999999,0.17309999999999998,0.08729999999999999,0.47784049
62,-18000,-22500,0.26052605260526046,0.3290329032903289,0.1282128212821282,0.18961896189618957,0.09260926092609259,0.5013174033333333
63,-13500,-22500,0.24257574242575744,0.31886811318868113,0.13638636136386362,0.2110788921107889,0.0910908909109089,0.52727734
64,-9000,-22500,0.23352335233523355,0.2976297629762977,0.14351435143514352,0.23142314231423144,0.09390939093909392,0.5549680633333334
65,-4500,-22500,0.2107,0.2844,0.16219999999999998,0.2493,0.0934,0.5837257266666668
66,0,-22500,0.19260000000000002,0.26539999999999997,0.165,0.2845,0.0925,0.6151482966666666
67,4500,-22500,0.1751824817518248,0.2512748725127487,0.1862813718628137,0.296970302969703,0.0902909709029097,0.6474606566666666
68,9000,-22500,0.16800000000000004,0.23220000000000002,0.1872,0.3215,0.0911,0.6799737233333333
69,13500,-22500,0.15360000000000001,0.21300000000000005,0.20000000000000004,0.34790000000000004,0.08550000000000002,0.7121591066666667
70,18000,-22500,0.132,0.1956,0.21530000000000002,0.3699,0.0872,0.7420003866666666
71,22500,-22500,0.1316868313168683,0.1788821117888211,0.2231776822317768,0.3842615738426157,0.081991800819918,0.7691117933333333
72,27000,-22500,0.11539999999999999,0.1663,0.2288,0.4122,0.07730000000000001,0.7921692033333334
73,31500,-22500,0.10859999999999999,0.1514,0.23329999999999998,0.43200000000000005,0.0747,0.81079231
74,36000,-22500,0.09929999999999999,0.1319,0.2541,0.44239999999999996,0.07229999999999999,0.82829429
75,40500,-22500,0.0858,0.121,0.2615,0.46340000000000003,0.0683,0.85852261
76,-40500,-18000,0.35713571357135715,0.35323532353235326,0.09470947094709473,0.1029102910291029,0.092009200920092,0.41311941
77,-36000,-18000,0.3420342034203421,0.3497349734973497,0.0927092709270927,0.12301230123012302,0.09250925092509252,0.4307355133333333
78,-31500,-18000,0.3298,0.3385,0.102,0.1325,0.09720000000000001,0.45016741
79,-27000,-18000,0.309,0.32799999999999996,0.11380000000000001,0.1471,0.10210000000000001,0.4709375366666666
80,-22500,-18000,0.2901000000000001,0.31210000000000004,0.1282,0.1699,0.09970000000000002,0.49292346
81,-18000,-18000,0.2744,0.30649999999999994,0.13529999999999998,0.1798,0.104,0.5170824366666666
82,-13500,-18000,0.25387461253874616,0.29327067293270676,0.13888611138886114,0.20657934206579345,0.10738926107389263,0.5430193600000001
83,-9000,-18000,0.2395,0.27949999999999997,0.15259999999999999,0.2253,0.10310000000000001,0.5700686
84,-4500,-18000,0.2147,0.2703,0.1637,0.2455,0.1058,0.5988638966666666
85,0,-18000,0.20137986201379862,0.2578742125787421,0.1735826417358264,0.26907309269073093,0.09809019098090191,0.6292303
86,4500,-18000,0.18881888188818885,0.23502350235023506,0.18741874187418744,0.2888288828882889,0.09990999099909993,0.6596481233333333
87,9000,-18000,0.1713171317131713,0.21722172217221722,0.2011201120112011,0.3104310431043104,0.09990999099909992,0.69046099
88,13500,-18000,0.1587,0.20280000000000004,0.2106,0.33190000000000003,0.09600000000000002,0.7205553866666666
89,18000,-18000,0.1446,0.18600000000000003,0.22469999999999998,0.3531,0.0916,0.7473824133333333
90,22500,-18000,0.1281,0.17149999999999999,0.2289,0.3825,0.08900000000000001,0.7718121833333333
91,27000,-18000,0.1173,0.1558,0.2421,0.39890000000000003,0.0859,0.7926791933333334
92,31500,-18000,0.10859999999999999,0.1363,0.2548,0.41609999999999997,0.0842,0.8092836899999999
93,36000,-18000,0.0981,0.1273,0.2605,0.43560000000000004,0.0785,0.82349522
94,40500,-18000,0.08850885088508852,0.11401140114011402,0.27272727272727276,0.44974497449744977,0.075007500750075,0.8378129133333334
95,-45000,-13500,0.3857999999999999,0.3313,0.09129999999999999,0.0921,0.09949999999999998,0.41107799
96,-40500,-13500,0.3694369436943694,0.33323332333233324,0.09530953095309531,0.10391039103910392,0.09810981098109813,0.4270606066666666
97,-36000,-13500,0.351035103510351,0.3283328332833283,0.099009900990099,0.11561156115611561,0.106010601060106,0.4454779666666666
98,-31500,-13500,0.3307,0.3179,0.1118,0.1281,0.1115,0.4657433033333333
99,-27000,-13500,0.31579999999999997,0.30920000000000003,0.1278,0.13949999999999999,0.10769999999999999,0.48741279
100,-22500,-13500,0.3005,0.29749999999999993,0.13319999999999999,0.1571,0.11169999999999998,0.50993727
101,-18000,-13500,0.27290000000000003,0.28730000000000006,0.14210000000000003,0.18170000000000006,0.11600000000000002,0.5343600133333334
102,-13500,-13500,0.2683,0.2734,0.1522,0.1913,0.1148,0.5603377599999999
103,-9000,-13500,0.2366236623662366,0.2648264826482648,0.1606160616061606,0.2203220322032203,0.1176117611761176,0.58776119
104,-4500,-13500,0.2215221522152215,0.2524252425242524,0.17301730173017305,0.23802380238023804,0.11501150115011502,0.6156823666666666
105,0,-13500,0.20357964203579643,0.23597640235976405,0.1857814218578142,0.26217378262173785,0.11248875112488751,0.6441863466666666
106,4500,-13500,0.1858,0.2232,0.2076,0.27440000000000003,0.109,0.6735740733333333
107,9000,-13500,0.17598240175982405,0.20437956204379565,0.20627937206279373,0.30266973302669736,0.11068893110688932,0.7026752666666667
108,13500,-13500,0.16219999999999998,0.18899999999999997,0.2211,0.3212,0.1065,0.7295459333333334
109,18000,-13500,0.1425,0.1743,0.2408,0.3392,0.1032,0.75488416
110,22500,-13500,0.1328,0.1572,0.251,0.36229999999999996,0.0967,0.7765480433333334
111,27000,-13500,0.1137886211378862,0.14748525147485247,0.26297370262973696,0.37986201379862006,0.09589041095890409,0.7949926633333334
112,31500,-13500,0.10858914108589142,0.131986801319868,0.26717328267173285,0.40045995400459955,0.09179082091790822,0.8094478066666666
113,36000,-13500,0.0997099709970997,0.11901190119011901,0.2731273127312731,0.42024202420242024,0.08790879087908789,0.8204712066666667
114,40500,-13500,0.0928,0.1072,0.2816,0.4389,0.0795,0.83000372
115,45000,-13500,0.08200820082008199,0.0958095809580958,0.2981298129812981,0.4461446144614461,0.0779077907790779,0.8825295866666667
116,-45000,-9000,0.3937393739373937,0.31563156315631563,0.09400940094009402,0.08580858085808582,0.11081108110811082,0.42511357
117,-40500,-9000,0.37689999999999996,0.312,0.0992,0.0984,0.11349999999999999,0.4432893233333333
118,-36000,-9000,0.3599,0.3059,0.098,0.1173,0.1189,0.46228082
119,-31500,-9000,0.34299999999999997,0.2965,0.1161,0.127,0.1174,0.4836375433333333
120,-27000,-9000,0.32659999999999995,0.2898,0.1233,0.138,0.1223,0.5057542133333334
121,-22500,-9000,0.3016,0.2814,0.14,0.1516,0.12539999999999998,0.5291919166666667
122,-18000,-9000,0.2853,0.2723,0.1548,0.16119999999999998,0.12639999999999998,0.5539741666666667
123,-13500,-9000,0.2669,0.259,0.1628,0.18280000000000002,0.1285,0.5796009533333333
124,-9000,-9000,0.2434,0.2468,0.17149999999999999,0.209,0.1293,0.6062853
125,-4500,-9000,0.23279999999999998,0.23539999999999997,0.1817,0.2287,0.1214,0.63350477
126,0,-9000,0.2121,0.2177,0.20309999999999997,0.2419,0.1252,0.6610618866666667
127,4500,-9000,0.1938,0.20629999999999998,0.2121,0.2651,0.12269999999999999,0.6885382266666666
128,9000,-9000,0.1804,0.1905,0.2245,0.2844,0.1202,0.71540249
129,13500,-9000,0.1593,0.17559999999999998,0.2335,0.3143,0.1173,0.74058359
130,18000,-9000,0.1405,0.1612,0.25329999999999997,0.33159999999999995,0.1134,0.7629524966666666
131,22500,-9000,0.1343,0.1478,0.2515,0.3549,0.1115,0.78164057
132,27000,-9000,0.1228122812281228,0.1315131513151315,0.2736273627362736,0.3627362736273627,0.1093109310931093,0.7970142766666667
133,31500,-9000,0.11320000000000001,0.12279999999999999,0.2799,0.3829,0.1012,0.8099741433333333
134,36000,-9000,0.10259999999999998,0.11249999999999999,0.28879999999999995,0.4013,0.0948,0.8189174833333334
135,40500,-9000,0.09390939093909391,0.10031003100310029,0.303030303030303,0.4146414641464146,0.0881088108810881,0.8262062166666666
136,45000,-9000,0.08800000000000001,0.0913,0.3096,0.42810000000000004,0.083,0.8454726699999999
137,-45000,-4500,0.4014,0.3015,0.08929999999999999,0.08470000000000001,0.1231,0.4422437133333333
138,-40500,-4500,0.386038603860386,0.29742974297429736,0.1018101810181018,0.0915091509150915,0.12321232123212321,0.4614955666666667
139,-36000,-4500,0.36700000000000005,0.2866,0.11109999999999999,0.10640000000000001,0.12890000000000001,0.4821667166666666
140,-31500,-4500,0.3474,0.28259999999999996,0.11729999999999999,0.11619999999999997,0.13649999999999998,0.50403227
141,-27000,-4500,0.3312,0.2741,0.13119999999999998,0.12689999999999999,0.1366,0.5268192233333333
142,-22500,-4500,0.31239999999999996,0.26099999999999995,0.1396,0.14709999999999998,0.13989999999999997,0.5501808
143,-18000,-4500,0.28800000000000003,0.25489999999999996,0.15789999999999998,0.16,0.1392,0.5747233333333334
144,-13500,-4500,0.2692,0.2391,0.16870000000000002,0.18309999999999998,0.1399,0.6004910266666666
145,-9000,-4500,0.2481,0.2347,0.18530000000000002,0.1941,0.1378,0.6267051166666666
146,-4500,-4500,0.23309999999999997,0.21719999999999998,0.1946,0.2155,0.1396,0.65262957
147,0,-4500,0.2121787821217878,0.20527947205279473,0.20757924207579243,0.23617638236176383,0.13878612138786123,0.6794741299999999
148,4500,-4500,0.1961,0.1907,0.2228,0.2546,0.1358,0.7051073033333334
149,9000,-4500,0.1730826917308269,0.17968203179682032,0.23527647235276475,0.2784721527847216,0.13348665133486654,0.7297386833333334
150,13500,-4500,0.162,0.16699999999999998,0.2525,0.2907,0.1278,0.7522072533333334
151,18000,-4500,0.1467,0.15109999999999998,0.2639,0.3122,0.1261,0.7719529933333333
152,22500,-4500,0.1327265453090618,0.1402280456091218,0.2793558711742348,0.3300660132026405,0.11762352470494099,0.7888860433333333
153,27000,-4500,0.11650000000000002,0.12750000000000003,0.28850000000000003,0.3526,0.11490000000000002,0.8017724333333334
154,31500,-4500,0.10831083108310832,0.11721172117211723,0.2954295429542954,0.3698369836983698,0.10921092109210921,0.8109761766666667
155,36000,-4500,0.1001,0.1036,0.30879999999999996,0.3845,0.10300000000000001,0.8180185733333333
156,40500,-4500,0.0948,0.09709999999999999,0.30789999999999995,0.4050999999999999,0.09509999999999999,0.82311574
157,45000,-4500,0.08529147085291469,0.08499150084991501,0.32016798320167983,0.4206579342065793,0.0888911108889111,0.8351822033333334
158,-45000,0,0.41144114411441146,0.27722772277227725,0.09380938093809382,0.0837083708370837,0.13381338133813384,0.4627168633333333
159,-40500,0,0.3896389638963897,0.27682768276827685,0.10721072107210722,0.08910891089108912,0.13721372137213722,0.4824377466666666
160,-36000,0,0.3772622737726227,0.26877312268773124,0.11428857114288572,0.09659034096590342,0.14308569143085692,0.5042007666666667
161,-31500,0,0.3548,0.26350000000000007,0.12050000000000002,0.11350000000000002,0.14770000000000003,0.52658633
162,-27000,0,0.33270000000000005,0.2566,0.1394,0.1222,0.1491,0.5495374466666667
163,-22500,0,0.3176,0.2468,0.1474,0.1386,0.1496,0.5735259500000001
164,-18000,0,0.292970702929707,0.23727627237276272,0.16368363163683633,0.1523847615238476,0.1536846315368463,0.5980380666666666
165,-13500,0,0.278027802780278,0.2245224522452245,0.1748174817481748,0.1694169416941694,0.1532153215321532,0.62287214
166,-9000,0,0.25777422257774224,0.2146785321467853,0.18958104189581043,0.18638136186381363,0.15158484151584842,0.6490631566666667
167,-4500,0,0.23757624237576241,0.19888011198880112,0.20587941205879412,0.20317968203179682,0.1544845515448455,0.67365949
168,0,0,0.2188,0.1911,0.2195,0.2217,0.1489,0.6983921566666667
169,4500,0,0.1941,0.174,0.23600000000000002,0.24739999999999998,0.1485,0.7228601033333334
170,9000,0,0.18038196180381963,0.16448355164483552,0.25047495250474955,0.26077392260773924,0.14388561143885614,0.7451797566666667
171,13500,0,0.1639163916391639,0.1522152215221522,0.2601260126012601,0.2815281528152815,0.1422142214221422,0.7648797466666667
172,18000,0,0.1528,0.1433,0.27140000000000003,0.2985,0.134,0.7820857666666666
173,22500,0,0.13949999999999999,0.1293,0.2872,0.3156,0.1284,0.7958382733333333
174,27000,0,0.12229999999999999,0.11759999999999998,0.29469999999999996,0.34029999999999994,0.1251,0.8067844033333333
175,31500,0,0.1105110511051105,0.10801080108010801,0.3105310531053105,0.3536353635363536,0.1173117311731173,0.81487166
176,36000,0,0.0999,0.09880000000000001,0.32130000000000003,0.368,0.11199999999999999,0.8195989166666667
177,40500,0,0.09370937093709371,0.0879087908790879,0.3282328232823283,0.3848384838483848,0.10531053105310531,0.8225309900000001
178,45000,0,0.08430000000000001,0.08370000000000001,0.33570000000000005,0.3989000000000001,0.09740000000000001,0.8311248333333334
179,-45000,4500,0.42015798420157985,0.257974202579742,0.0983901609839016,0.0785921407859214,0.14488551144885511,0.4850183433333333
180,-40500,4500,0.3928999999999999,0.25579999999999997,0.11499999999999998,0.08429999999999999,0.15199999999999997,0.5058754433333333
181,-36000,4500,0.3795,0.2482,0.1223,0.0915,0.1585,0.5280725666666667
182,-31500,4500,0.35806419358064195,0.2431756824317568,0.1326867313268673,0.1033896610338966,0.1626837316268373,0.5508924966666666
183,-27000,4500,0.337966203379662,0.236976302369763,0.14438556144385561,0.11588841115888411,0.16478352164783522,0.5741525533333333
184,-22500,4500,0.32296770322967705,0.22627737226277372,0.15218478152184783,0.12968703129687034,0.16888311168883113,0.5979907699999999
185,-18000,4500,0.2999,0.21969999999999998,0.1678,0.14279999999999998,0.1698,0.6231059999999999
186,-13500,4500,0.27629999999999993,0.21319999999999997,0.18119999999999997,0.16059999999999997,0.1687,0.6480215733333333
187,-9000,4500,0.2613,0.1985,0.19469999999999998,0.1761,0.16940000000000002,0.6722236366666666
188,-4500,4500,0.24309999999999998,0.1867,0.2141,0.1893,0.1668,0.6958965533333333
189,0,4500,0.2202,0.1791,0.2225,0.2159,0.1623,0.71954131
190,4500,4500,0.2069,0.162,0.2365,0.2305,0.1641,0.74186853
191,9000,4500,0.18368163183681632,0.1560843915608439,0.2580741925807419,0.24497550244975502,0.1571842815718428,0.76236452
192,13500,4500,0.165,0.1452,0.26780000000000004,0.26940000000000003,0.15259999999999999,0.7801204333333334
193,18000,4500,0.14679999999999999,0.1336,0.2939,0.2805,0.1452,0.7948970766666666
194,22500,4500,0.1355,0.12140000000000001,0.3015,0.2989,0.1427,0.8056396366666667
195,27000,4500,0.1245,0.1109,0.31,0.3176,0.13699999999999998,0.8146655166666666
196,31500,4500,0.115,0.1009,0.3194,0.3378,0.12689999999999999,0.82008643
197,36000,4500,0.1054,0.0902,0.3382,0.3471,0.1191,0.8232794966666667
198,40500,4500,0.08910891089108912,0.0819081908190819,0.35043504350435045,0.36363636363636365,0.11491149114911492,0.8237649699999999
199,45000,4500,0.08199999999999999,0.0789,0.355,0.3786,0.10550000000000001,0.8317652333333334
200,-45000,9000,0.4166,0.24170000000000005,0.1068,0.07570000000000002,0.1592,0.5107475
201,-40500,9000,0.39909999999999995,0.23579999999999998,0.11539999999999999,0.08310000000000001,0.1666,0.5319026499999999
202,-36000,9000,0.37829999999999997,0.2322,0.1278,0.0907,0.171,0.5542450866666666
203,-31500,9000,0.35856414358564137,0.22717728227177278,0.13318668133186679,0.10398960103989599,0.17708229177082288,0.5777045833333333
204,-27000,9000,0.33899999999999997,0.2161,0.15130000000000002,0.11410000000000001,0.1795,0.60120695
205,-22500,9000,0.3194680531946805,0.21187881211878812,0.1607839216078392,0.1250874912508749,0.1827817218278172,0.62474769
206,-18000,9000,0.3028697130286971,0.20527947205279473,0.1723827617238276,0.1368863113688631,0.18258174182581743,0.6493606766666667
207,-13500,9000,0.285,0.19649999999999998,0.1855,0.1499,0.18309999999999998,0.67298976
208,-9000,9000,0.2635,0.18760000000000002,0.20190000000000002,0.1653,0.18170000000000003,0.6964892333333333
209,-4500,9000,0.24210000000000004,0.1715,0.2204,0.1836,0.1824,0.71953159
210,0,9000,0.2202220222022202,0.16401640164016398,0.23072307230723071,0.2047204720472047,0.18031803180318032,0.7417023566666666
211,4500,9000,0.20309999999999997,0.1522,0.2522,0.2167,0.17579999999999998,0.76131194
212,9000,9000,0.18318168183181682,0.1442855714428557,0.2732726727327267,0.23097690230976903,0.1682831716828317,0.7797200966666666
213,13500,9000,0.1717171717171717,0.12811281128112811,0.2839283928392839,0.25032503250325033,0.1659165916591659,0.7949300433333334
214,18000,9000,0.15181518151815182,0.12111211121112112,0.30393039303930397,0.26422642264226426,0.15891589158915892,0.8073003799999999
215,22500,9000,0.1405,0.1124,0.3105,0.28309999999999996,0.1535,0.8156527800000001
216,27000,9000,0.1261873812618738,0.1027897210278972,0.3250674932506749,0.301969803019698,0.143985601439856,0.8228260966666666
217,31500,9000,0.1104,0.09539999999999998,0.3371,0.3182,0.1389,0.8271252466666666
218,36000,9000,0.1048,0.0857,0.3505,0.32939999999999997,0.12960000000000002,0.8275153833333333
219,40500,9000,0.08960000000000001,0.07730000000000001,0.36369999999999997,0.3469,0.1225,0.8274919666666667
220,45000,9000,0.0852,0.0718,0.3654,0.36310000000000003,0.11449999999999999,0.8392703633333334
221,-45000,13500,0.42119999999999996,0.2223,0.105,0.0729,0.17859999999999998,0.54055378
222,-40500,13500,0.4008,0.2187,0.12279999999999999,0.0756,0.1821,0.5606498833333333
223,-36000,13500,0.3845,0.21239999999999998,0.133,0.0836,0.1865,0.5830963400000001
224,-31500,13500,0.366,0.2039,0.1393,0.1023,0.1885,0.6067275766666668
225,-27000,13500,0.3436,0.2002,0.15460000000000002,0.1081,0.1935,0.6298998933333333
226,-22500,13500,0.32549999999999996,0.1963,0.16920000000000002,0.10949999999999999,0.19949999999999998,0.6532286733333333
227,-18000,13500,0.3063,0.1866,0.1796,0.1305,0.19699999999999998,0.67769427
228,-13500,13500,0.27770000000000006,0.1763,0.20060000000000003,0.14600000000000002,0.19940000000000005,0.7006505166666667
229,-9000,13500,0.2643,0.1684,0.21739999999999998,0.1543,0.1956,0.72331004
230,-4500,13500,0.2402,0.1588,0.2352,0.1722,0.1936,0.7448537166666667
231,0,13500,0.2241,0.1491,0.2465,0.19,0.19030000000000002,0.76422324
232,4500,13500,0.20579999999999998,0.136,0.2683,0.2021,0.18780000000000002,0.78326337
233,9000,13500,0.1865,0.1333,0.2787,0.2192,0.18230000000000002,0.7986256199999999
234,13500,13500,0.16670000000000001,0.12179999999999999,0.2958,0.23800000000000002,0.1777,0.8119934933333333
235,18000,13500,0.1542845715428457,0.11378862113788621,0.30346965303469653,0.25547445255474455,0.17298270172982702,0.8223762466666666
236,22500,13500,0.14,0.10490000000000001,0.3195,0.27,0.1656,0.8292626166666667
237,27000,13500,0.12011201120112011,0.09400940094009402,0.33783378337833786,0.28852885288528857,0.15951595159515952,0.8343995733333334
238,31500,13500,0.1134113411341134,0.089008900890089,0.345034503450345,0.3027302730273027,0.1498149814981498,0.8358294966666667
239,36000,13500,0.1052894710528947,0.0796920307969203,0.36496350364963503,0.3110688931106889,0.138986101389861,0.8355264066666667
240,40500,13500,0.09670967096709673,0.07370737073707372,0.372937293729373,0.32873287328732875,0.12791279127912794,0.8336450200000001
241,45000,13500,0.08299170082991703,0.0654934506549345,0.38456154384561547,0.34536546345365465,0.12158784121587843,0.8717735166666666
242,-40500,18000,0.4042,0.1981,0.1241,0.078,0.1956,0.5917519733333333
243,-36000,18000,0.39049999999999996,0.1989,0.12560000000000002,0.0825,0.2025,0.6142675433333333
244,-31500,18000,0.3701,0.1916,0.14279999999999998,0.0922,0.20329999999999998,0.6377516533333334
245,-27000,18000,0.34490000000000004,0.1856,0.1656,0.09939999999999999,0.2045,0.66112609
246,-22500,18000,0.32039999999999996,0.17959999999999998,0.17699999999999996,0.11569999999999998,0.20729999999999998,0.6830885066666668
247,-18000,18000,0.29969999999999997,0.17059999999999997,0.1931,0.1244,0.2122,0.7064408933333334
248,-13500,18000,0.2876,0.1624,0.20379999999999998,0.133,0.2132,0.7278886733333334
249,-9000,18000,0.2616,0.1572,0.2237,0.14880000000000002,0.2087,0.7492913766666667
250,-4500,18000,0.2426,0.14980000000000002,0.23579999999999998,0.1653,0.2065,0.7691940833333334
251,0,18000,0.21852185218521855,0.1424142414241424,0.255025502550255,0.17991799179917992,0.20412041204120412,0.7868458266666667
252,4500,18000,0.19988001199880012,0.13298670132986704,0.27497250274972507,0.19318068193180685,0.198980101989801,0.8040336633333334
253,9000,18000,0.18,0.1216,0.2887,0.2126,0.1971,0.8179977666666667
254,13500,18000,0.1628,0.1134,0.3074,0.23199999999999998,0.1844,0.8292338666666667
255,18000,18000,0.153,0.1027,0.3232,0.2365,0.18460000000000001,0.8380714366666666
256,22500,18000,0.1408,0.09789999999999999,0.3267,0.2593,0.1753,0.8434312566666667
257,27000,18000,0.12380000000000001,0.091,0.3489,0.27,0.1663,0.8461346433333333
258,31500,18000,0.10949999999999999,0.0809,0.361,0.2889,0.1597,0.84699844
259,36000,18000,0.1001,0.0741,0.37670000000000003,0.2995,0.1496,0.8448153466666667
260,40500,18000,0.0922,0.0689,0.38659999999999994,0.3126,0.13970000000000002,0.8433899433333334
261,-40500,22500,0.4096409640964096,0.18671867186718671,0.1218121812181218,0.0717071707170717,0.21012101210121012,0.6260648533333334
262,-36000,22500,0.3836,0.17850000000000002,0.1452,0.083,0.2097,0.64706951
263,-31500,22500,0.36390000000000006,0.1749,0.15350000000000003,0.0911,0.21660000000000004,0.6702578266666667
264,-27000,22500,0.34776522347765226,0.16768323167683233,0.16638336166383363,0.09779022097790221,0.22037796220377964,0.6925105466666667
265,-22500,22500,0.32569999999999993,0.16519999999999999,0.18219999999999997,0.10679999999999998,0.2201,0.71390719
266,-18000,22500,0.302069793020698,0.15948405159484053,0.20127987201279873,0.11328867113288672,0.22387761223877614,0.7362715966666666
267,-13500,22500,0.28842884288428844,0.15011501150115011,0.20712071207120714,0.12881288128812882,0.22552255225522555,0.7548882766666666
268,-9000,22500,0.2635263526352635,0.14011401140114013,0.22532253225322535,0.14711471147114713,0.22392239223922394,0.7764549266666666
269,-4500,22500,0.24160000000000004,0.1353,0.24390000000000003,0.15680000000000002,0.22240000000000001,0.7948635833333333
270,0,22500,0.22087791220877914,0.12378762123787623,0.2663733626637337,0.17248275172482752,0.21647835216478353,0.8111286999999999
271,4500,22500,0.20079999999999995,0.11779999999999997,0.27849999999999997,0.1878,0.21509999999999999,0.8263063666666667
272,9000,22500,0.1812,0.11220000000000001,0.30079999999999996,0.1971,0.2087,0.83909742
273,13500,22500,0.1646,0.10490000000000001,0.3197,0.2079,0.2029,0.8477383033333333
274,18000,22500,0.1507,0.09720000000000001,0.3239,0.22940000000000002,0.19879999999999998,0.8546038233333333
275,22500,22500,0.13360000000000002,0.09200000000000001,0.3435000000000001,0.24100000000000005,0.1899,0.8581423699999999
276,27000,22500,0.12099999999999998,0.08239999999999999,0.3634,0.25199999999999995,0.18119999999999997,0.8600602633333333
277,31500,22500,0.1159,0.0753,0.3712,0.2658,0.1718,0.8592094066666667
278,36000,22500,0.099,0.0705,0.37829999999999997,0.287,0.16519999999999999,0.8565298833333334
279,40500,22500,0.0926907309269073,0.0657934206579342,0.39606039396060394,0.2946705329467053,0.1507849215078492,0.8689530633333333
280,-36000,27000,0.3882611738826117,0.16918308169183083,0.1442855714428557,0.06919308069193081,0.22907709229077092,0.6830064333333333
281,-31500,27000,0.3649,0.1605,0.1575,0.0789,0.2382,0.7049865366666667
282,-27000,27000,0.34580000000000005,0.15940000000000001,0.17220000000000002,0.08680000000000002,0.2358,0.72577961
283,-22500,27000,0.3251674832516748,0.14708529147085292,0.18948105189481051,0.1018898110188981,0.2363763623637636,0.7471169999999999
284,-18000,27000,0.3038,0.14300000000000002,0.20489999999999997,0.10800000000000001,0.2403,0.7679894933333333
285,-13500,27000,0.2807719228077192,0.14128587141285873,0.221977802219778,0.11708829117088292,0.2388761123887611,0.78729381
286,-9000,27000,0.2656,0.1317,0.2324,0.13269999999999998,0.2376,0.8062115733333334
287,-4500,27000,0.2394,0.12279999999999999,0.2563,0.1475,0.23399999999999999,0.8214198066666667
288,0,27000,0.2194,0.11810000000000001,0.27399999999999997,0.1589,0.2296,0.8366921533333334
289,4500,27000,0.2035796420357964,0.111988801119888,0.2880711928807119,0.1701829817018298,0.2261773822617738,0.8497540533333333
290,9000,27000,0.1791179117911791,0.10211021102110211,0.3147314731473147,0.1818181818181818,0.22222222222222218,0.8601926733333334
291,13500,27000,0.16579999999999998,0.0965,0.3236,0.2003,0.2138,0.86831027
292,18000,27000,0.15178482151784822,0.08689131086891311,0.33826617338266174,0.21087891210878915,0.21217878212178784,0.8733991066666668
293,22500,27000,0.13449999999999998,0.0834,0.3554,0.22699999999999998,0.1997,0.8759050933333333
294,27000,27000,0.12208779122087793,0.07599240075992401,0.3713628637136287,0.23677632236776325,0.19378062193780624,0.8758717366666667
295,31500,27000,0.1104,0.0694,0.3822,0.25370000000000004,0.1843,0.87574465
296,36000,27000,0.1027,0.0642,0.3914,0.2696,0.1721,0.8795822366666666
297,-31500,31500,0.3634363436343635,0.14981498149814984,0.1568156815681568,0.08130813081308132,0.24862486248624863,0.7448372866666666
298,-27000,31500,0.34630000000000005,0.1417,0.1693,0.09230000000000001,0.2504,0.7620873933333333
299,-22500,31500,0.3276,0.14150000000000001,0.18420000000000003,0.0941,0.2526,0.7815348833333334
300,-18000,31500,0.30286971302869714,0.1336866313368663,0.20957904209579045,0.10038996100389962,0.25347465253474655,0.8011957466666666
301,-13500,31500,0.28332833283328335,0.1262126212621262,0.22712271227122716,0.11331133113311331,0.25002500250025006,0.8196126133333334
302,-9000,31500,0.25429999999999997,0.1189,0.2515,0.12279999999999999,0.2525,0.8361090533333333
303,-4500,31500,0.24172417241724173,0.11521152115211519,0.2567256725672567,0.1382138213821382,0.2481248124812481,0.8507481266666667
304,0,31500,0.21559999999999999,0.1057,0.2801,0.1539,0.2447,0.8633085533333333
305,4500,31500,0.1991,0.1036,0.3009,0.1578,0.2386,0.87524908
306,9000,31500,0.1793179317931793,0.0961096109610961,0.31543154315431543,0.17691769176917693,0.23222322232223222,0.8832616400000001
307,13500,31500,0.1655,0.08439999999999999,0.3326,0.1886,0.2289,0.8895305866666666
308,18000,31500,0.1482,0.0818,0.35359999999999997,0.1993,0.21710000000000002,0.8941303333333334
309,22500,31500,0.1361863813618638,0.0774922507749225,0.36266373362663734,0.211978802119788,0.21167883211678834,0.89536646
310,27000,31500,0.1189118911891189,0.0688068806880688,0.37743774377437744,0.23002300230023,0.2048204820482048,0.8955811433333333
311,31500,31500,0.10958904109589043,0.06659334066593342,0.3959604039596041,0.23517648235176483,0.19268073192680732,0.89887184
312,-27000,36000,0.3401659834016598,0.1325867413258674,0.1785821417858214,0.081991800819918,0.2666733326667333,0.8017254233333334
313,-22500,36000,0.3237676232376762,0.12388761123887611,0.19328067193280668,0.08959104089591041,0.2694730526947305,0.8179904633333333
314,-18000,36000,0.29510000000000003,0.11720000000000001,0.2216,0.1003,0.2658,0.83608176
315,-13500,36000,0.2748,0.11689999999999998,0.23479999999999998,0.10759999999999999,0.26589999999999997,0.8523889066666667
316,-9000,36000,0.2586741325867413,0.10988901109889011,0.24797520247975202,0.11678832116788321,0.2666733326667333,0.8674938933333334
317,-4500,36000,0.2377,0.1015,0.26890000000000003,0.1303,0.2616,0.8812688866666666
318,0,36000,0.21464292858571715,0.09891978395679137,0.285257051410282,0.14092818563712742,0.260252050410082,0.8919610099999999
319,4500,36000,0.1956,0.091,0.3091,0.1539,0.2504,0.9012490133333332
320,9000,36000,0.1782,0.0867,0.3212,0.1653,0.2486,0.90924328
321,13500,36000,0.1619,0.08079999999999998,0.34279999999999994,0.17529999999999998,0.2392,0.9143108766666668
322,18000,36000,0.1445,0.0756,0.3599,0.1845,0.23550000000000001,0.9169624233333332
323,22500,36000,0.1354,0.0689,0.3713,0.1991,0.2253,0.9177958466666668
324,27000,36000,0.1217,0.06559999999999999,0.38420000000000004,0.2144,0.2141,0.9203491966666668
325,-22500,40500,0.3171317131713171,0.1116111611161116,0.2032203220322032,0.0844084408440844,0.2836283628362836,0.8615317699999999
326,-18000,40500,0.2989,0.1084,0.22149999999999997,0.0946,0.2766,0.8749660933333333
327,-13500,40500,0.2743725627437256,0.1068893110688931,0.238976102389761,0.0991900809919008,0.2805719428057194,0.88836961
328,-9000,40500,0.2501,0.09989999999999999,0.2601,0.11319999999999998,0.2767,0.9022184666666668
329,-4500,40500,0.2234,0.09519999999999999,0.2818,0.12140000000000001,0.2782,0.9135123333333334
330,0,40500,0.20997900209979,0.09129087091290872,0.2952704729527047,0.1332866713328667,0.2701729827017298,0.9232379866666668
331,4500,40500,0.1907,0.0852,0.31629999999999997,0.1406,0.2672,0.9317408066666668
332,9000,40500,0.1711171117111711,0.07920792079207921,0.3291329132913291,0.15421542154215423,0.26632663266326634,0.93782031
333,13500,40500,0.15658434156584344,0.07339266073392661,0.35506449355064496,0.16288371162883714,0.25207479252074794,0.94308265
334,18000,40500,0.1429,0.0698,0.3619,0.1776,0.24780000000000002,0.94495187
335,22500,40500,0.128,0.065,0.3873,0.183,0.23670000000000002,0.9536083133333332
336,-13500,45000,0.26522652265226526,0.09310931093109313,0.24692469246924698,0.09930993099309933,0.29542954295429547,0.93552778
337,-9000,45000,0.2473,0.0916,0.2651,0.10769999999999999,0.2883,0.9438072766666666
338,-4500,45000,0.22799999999999998,0.08589999999999999,0.28229999999999994,0.1171,0.28669999999999995,0.9522258866666669
339,0,45000,0.2091,0.0814,0.3003,0.12369999999999999,0.28550000000000003,0.96060569
340,4500,45000,0.188,0.07919999999999999,0.3222,0.1352,0.2754,0.96789883
341,9000,45000,0.17550000000000002,0.0721,0.33380000000000004,0.1442,0.27440000000000003,0.97491116
342,13500,45000,0.15560000000000002,0.06849999999999999,0.35119999999999996,0.15560000000000002,0.2691,0.9883063966666666
